342
7
2

10004
1
6


1
0
1
-18
1
8230
0
0
0
0
50
0
0
26
4096
4096
32767
256
4096
2024
0
0
0
32767
4096
1
5
-96
-80
-70
-8
0
-96
-96
-70
-8
0
50
1000
1
-8
1
-87
1
200



1
0
1
-14
1
8230
0
0
0
0
50
0
0
26
4096
4096
32767
256
4096
2024
0
0
0
32767
4096
1
5
-96
-80
-70
-8
0
-96
-96
-70
-8
0
50
1000
1
-8
1
-87
1
200



1
0
1
-10
1
8230
0
0
0
0
50
0
0
26
4096
4096
32767
256
4096
2024
0
0
0
32767
4096
1
5
-96
-80
-70
-8
0
-96
-96
-70
-8
0
50
1000
1
-8
1
-87
1
200


1
0
1
-6
1
8230
0
0
0
0
50
0
0
26
4096
4096
32767
256
4096
2024
0
0
0
32767
4096
1
5
-96
-80
-70
-8
0
-96
-96
-70
-8
0
50
1000
1
-8
1
-87
1
200


1
0
1
-2
1
8230
0
0
0
0
50
0
0
26
4096
4096
32767
256
4096
2024
0
0
0
32767
4096
1
5
-96
-80
-70
-8
0
-96
-92
-66
-4
-4
50
1000
1
-10
1
-87
1
200


1
0
1
2
1
8230
0
0
0
0
50
0
0
26
4096
4096
32767
256
4096
2024
0
0
0
32767
4096
1
5
-96
-85
-75
-8
0
-96
-96
-75
-8
-4
50
1000
1
-8
1
-87
1
250


1
64
4066
-55
-49
-41
-32
-22
-12
-2
6
14
21
27
31
33
34
33
31
28
24
19
14
10
5
1
-2
-5
-7
-9
-10
-10
-10
-10
-9
-7
-6
-5
-3
-2
-1
0
0
0
1
1
1
1
1
1
0
0
0
0
0
0
0
0
0
0
0
0
0
0
0
0