342
7
2

2
1
6


1
0
1
-20
1
8230
0
0
0
0
50
0
0
26
4096
4096
32767
256
4096
2024
0
0
0
32767
4096
1
5
-96
-85
-75
-6
0
-96
-96
-75
-6
0
50
1000
0
-5
0
-85
1
200



1
0
1
-16
1
8230
0
0
0
0
50
0
0
26
4096
4096
32767
256
4096
2024
0
0
0
32767
4096
1
5
-96
-85
-75
-6
0
-96
-96
-75
-6
0
50
1000
0
-5
0
-85
1
200



1
0
1
-12
1
8230
0
0
0
0
50
0
0
26
4096
4096
32767
256
4096
2024
0
0
0
32767
4096
1
5
-96
-85
-75
-6
0
-96
-96
-75
-6
0
50
1000
0
-5
0
-85
1
200


1
0
1
-8
1
8230
0
0
0
0
50
0
0
26
4096
4096
32767
256
4096
2024
0
0
0
32767
4096
1
5
-96
-85
-75
-6
0
-96
-96
-75
-6
0
50
1000
0
-5
0
-85
1
200


1
0
1
-4
1
8230
0
0
0
0
50
0
0
26
4096
4096
32767
256
4096
2024
0
0
0
32767
4096
1
5
-96
-85
-75
-6
0
-96
-96
-75
-6
0
50
1000
0
-5
0
-85
1
200


1
0
1
0
1
8230
0
0
0
0
50
0
0
26
4096
4096
32767
256
4096
2024
0
0
0
32767
4096
1
5
-96
-85
-75
-6
0
-96
-96
-75
-6
0
50
1000
0
-5
0
-85
1
200


0
64
4096
0
0
0
0
0
0
0
0
0
0
0
0
0
0
0
0
0
0
0
0
0
0
0
0
0
0
0
0
0
0
0
0
0
0
0
0
0
0
0
0
0
0
0
0
0
0
0
0
0
0
0
0
0
0
0
0
0
0
0
0
0
0
0
