342
7
2

16
0
6


1
0
1
0	
1
8230
0
0
0
1
50
0
0
26
4096
4096
32767
256
4096
2024
0
0
0
32767
4096
1
5
-96
-85
-75
-3
0
-96
-96
-75
-3
0
50
1000
0
0
0
-90
1
200



1
0
1
0
1
8230
0
0
0
1
50
0
0
26
4096
4096
32767
256
4096
2024
0
0
0
32767
4096
1
5
-96
-85
-75
-3
0
-96
-96
-75
-3
0
50
1000
0
0
0
-90
1
200



1
0
1
0
1
8230
0
0
0
1
50
0
0
26
4096
4096
32767
256
4096
2024
0
0
0
32767
4096
1
5
-96
-85
-75
-3
0
-96
-96
-75
-3
0
50
1000
0
0
0
-90
1
200


1
0
1
0
1
8230
0
0
0
1
50
0
0
26
4096
4096
32767
256
4096
2024
0
0
0
32767
4096
1
5
-96
-85
-75
-3
0
-96
-96
-75
-3
0
50
1000
0
0
0
-90
1
200


1
0
1
0
1
8230
0
0
0
1
50
0
0
26
4096
4096
32767
256
4096
2024
0
0
0
32767
4096
1
5
-96
-85
-75
-3
0
-96
-96
-75
-3
0
50
1000
0
0
0
-90
1
200


1
0
1
5
1
8230
0
0
0
0
50
0
0
26
4096
4096
32767
256
4096
2024
0
0
0
32767
4096
1
5
-96
-85
-75
-3
0
-96
-96
-75
-3
0
50
1000
0
0
0
-90
1
200


0
32
4096
0
0
0
0
0
0
0
0
0
0
0
0
0
0
0
0
0
0
0
0
0
0
0
0
0
0
0
0
0
0
0
0
0
0
0
0
0
0
0
0
0
0
0
0
0
0
0
0
0
0
0
0
0
0
0
0
0
0
0
0
0
0
0
