342
7
2

4
0
6


1
0
1
-19
0
8230
0
0
0
0
50
0
0
26
4096
4096
32767
256
4096
2024
0
0
0
32767
4096
1
5
-96
-80
-65
-3
0
-96
-96
-65
-3
0
50
1000
0
-14
0
-80
0
300



1
0
1
-14
0
8230
0
0
0
0
50
0
0
26
4096
4096
32767
256
4096
2024
0
0
0
32767
4096
1
5
-96
-80
-65
-3
0
-96
-96
-65
-3
0
50
1000
0
-14
0
-80
0
300



1
0
1
-11
0
8230
0
0
0
0
50
0
0
26
4096
4096
32767
256
4096
2024
0
0
0
32767
4096
1
5
-96
-80
-65
-3
0
-96
-96
-65
-3
0
50
1000
0
-14
0
-80
0
300


1
0
1
-6
0
8230
0
0
0
0
50
0
0
26
4096
4096
32767
256
4096
2024
0
0
0
32767
4096
1
5
-96
-80
-65
-3
0
-96
-96
-65
-3
0
50
1000
0
-14
0
-80
0
300


1
0
1
-2
0
8230
0
0
0
0
50
0
0
26
4096
4096
32767
256
4096
2024
0
0
0
32767
4096
1
5
-96
-80
-65
-3
0
-96
-96
-65
-3
0
50
1000
0
-14
0
-80
0
300


1
0
1
2
0
8230
0
0
0
0
50
0
0
26
4096
4096
32767
256
4096
2024
0
0
0
32767
4096
1
5
-96
-80
-65
-3
0
-96
-96
-65
-3
0
50
1000
0
-14
0
-80
0
300


1
32
5303													
262											
-751											
48												
-385											
-501											
-363										
-139											
26											
146											
176										
205											
164										
72											
26										
-35											
-40										
-31											
-43									
-26										
-7									
-9										
-9									
-1										
0									
0										
0									
0									
0									
0									
0									
0									
0
0
0
0
0
0
0
0
0
0
0
0
0
0
0
0
0
0
0
0
0
0
0
0
0
0
0
0
0
0
0
0
