342
7
2

20002
1
6


1
0
1
-11
1
8230
0
0
0
0
50
0
0
26
4096
4096
32767
256
4096
2024
0
0
0
32767
4096
1
5
-96
-85
-75
-10
0
-96
-85
-75
-10
-10
50
1000
1
-4
0
-85
1
250



1
0
1
-8
1
8230
0
0
0
0
50
0
0
26
4096
4096
32767
256
4096
2024
0
0
0
32767
4096
1
5
-96
-85
-75
-10
0
-96
-85
-75
-10
-10
50
1000
1
-4
0
-85
1
250



1
0
1
-5
1
8230
0
0
0
0
50
0
0
26
4096
4096
32767
256
4096
2024
0
0
0
32767
4096
1
5
-96
-85
-75
-10
0
-96
-85
-75
-10
-10
50
1000
1
-4
0
-85
1
250


1
0
1
-2
1
8230
0
0
0
0
50
0
0
26
4096
4096
32767
256
4096
2024
0
0
0
32767
4096
1
5
-96
-85
-75
-10
0
-96
-85
-75
-10
-10
50
1000
1
-4
0
-85
1
250


1
0
1
1
1
8230
0
0
0
0
50
0
0
26
4096
4096
32767
256
4096
2024
0
0
0
32767
4096
1
5
-96
-85
-75
-10
0
-96
-85
-75
-10
-10
50
1000
1
-4
0
-85
1
250


1
0
1
4
1
8230
0
0
0
0
50
0
0
26
4096
4096
32767
256
4096
2024
0
0
0
32767
4096
1
5
-96
-85
-75
-10
0
-96
-85
-75
-10
-10
50
1000
1
-4
0
-85
1
250


0
64
4096
0
0
0
0
0
0
0
0
0
0
0
0
0
0
0
0
0
0
0
0
0
0
0
0
0
0
0
0
0
0
0
0
0
0
0
0
0
0
0
0
0
0
0
0
0
0
0
0
0
0
0
0
0
0
0
0
0
0
0
0
0
0
0
