207
7
3

4
0

1
0
0
8
1
16
1
250
1
159
0
8192	
2048
0
96
8192
4096
80
8192
800
1
776
18000
16000
256
128	
96
16000
280
3276
16384
384
512
768
150
16384
16384
1
6000
32
64
64
16728
1024
0
2549
14
0
8192
8192
2048
40
2048
1568
40
2048
1568
1
776
32
1024
800
32
1024
800
1
776
1
32767
8192
23062
-11398
-2622
4704
8698
8807
4494
835
481
209
6655
7358
-1669
4806
-598
-880
16
655
1024
16
1638
181
10
16384
10000
16000
5000
128
9830
16384
6554
6554
9830
512
12288
10240
400
230
26213
0
7
23197
128
2048
3000
29500
24000
4096
0
0
1
5
-96
-85
-80
-5
0
-96
-96
-80
-5
-5
50
1000
0
-11
0
32
4096
0
0
0
0
0
0
0
0
0
0
0
0
0
0
0
0
0
0
0
0
0
0
0
0
0
0
0
0
0
0
0
0
0
0
0
0
0
0
0
0
0
0
0
0
0
0
0
0
0
0
0
0
0
0
0
0
0
0
0
0
0
0
0