207
7
3

10004
1

1
0
1
16
1
8
1
400
1
191
0
8192	
2048
0
96
8192
1024
80
8192
800
1
776
12000
8000
512
320	
280
12000
280
10680
19660
512
512
768
150
16384
16384
1
7000
32
64
64
16670
1024
1
2549
14
0
8192
8192
2048
40
2048
1568
40
2048
1568
1
776
32
1024
800
32
1024
800
1
776
1
32767
8192
23062
-11398
-2622
4704
8698
8807
4494
835
481
209
6655
7358
-1669
4806
-598
-880
16
655
1024
16
1638
181
10
16384
10000
16000
5000
128
9830
16384
6554
6554
9830
512
12288
10240
400
230
26213
1
5
10000
128
512
100
29654
10362
4096
1
0
1
5
-96
-85
-75
-18
0
-96
-96
-75
-18
0
50
1000
1
-16
1
64
4091
-4
3
13
23
31
36
37
34
26
16
5
-6
-16
-24
-29
-31
-30
-26
-22
-16
-11
-7
-3
-2
-1
-2
-2
-4
-4
-5
-4
-3
-2
0
1
3
4
5
6
6
5
4
3
2
1
1
0
0
0
0
0
0
0
0
0
0
0
0
0
0
0
0
0