207
7
3

40016
1

1
0
1
1536
1
6
1
350
1
159
0
8192
2048
0
200
0
1024
128
8192
800
1
767
1200
1000
512
256
256
1200
280
3273
12000
700
512
768
150
16384
16384
1
12000
32
64
64
16800
1024
0
2549
14
0
8192
8192
2048
40
2048
1568
40
2048
1568
1
776
32
1024
800
32
1024
800
1
776
1
32767
8192
23062
-11398
-2622
4704
8698
8807
4494
835
481
209
6655
7358
-1669
4806
-598
-880
16
655
1024
16
1638
181
10
16384
10000
16000
5000
128
9830
16384
6554
6554
9830
512
12288
10240
400
230
26213
0
7
16384
256
4096
12055
32442
23170
4096
0
0
1
5
-96
-85
-75
-6
0
-96
-96
-75
-6
-1
50
1000
1
-4
1
64
4107
-47
-184
-254
-202
-56
96
176
158
75
-11
-53
-41
4
51
77
78
65
49
39
33
29
23
14
3
-9
-21
-30
-32
-28
-19
-8
0
2
0
-3
-5
-5
-3
-1
0
1
0
0
0
0
1
2
1
1
0
0
0
0
0
0
0
0
0
0
0
0
0
0
