207
7
3

20016
1

1
0
0
1536
1
8
1
350
0
159
0
8192
2048
0
200
0
1024
128
8192
800
1
767
1000
1000
400
256
256
1000
280
6537
12000
256
512
768
150
16384
16384
1
12000
32
64
64
16800
1024
0
2549
14
0
8192
8192
2048
40
2048
1568
40
2048
1568
1
776
32
1024
800
32
1024
800
1
776
1
32767
8192
23062
-11398
-2622
4704
8698
8807
4494
835
481
209
6655
7358
-1669
4806
-598
-880
16
655
1024
16
1638
181
10
16384
10000
16000
5000
128
9830
16384
6554
6554
9830
512
12288
10240
400
230
26213
0
7
16384
256
4096
12055
32442
23170
4096
0
0
1
5
-96
-85
-75
-6
0
-96
-96
-75
-6
-1
50
1000
1
-4
1
64
4104
66
153
190
139
26
-88
-152
-152
-111
-64
-33
-20
-13
0
18
37
47
45
34
18
1
-13
-26
-37
-42
-41
-34
-23
-12
-3
2
6
9
12
14
14
12
9
5
2
0
0
0
0
0
0
0
0
0
0
0
0
0
0
0
0
0
0
0
0
0
0
0
