222
4
2

32
1
6


1
0
1
6
1
10362
0
0
0
1
400
0
0
26
4096
4096
32767
2049
2048
2048
0
0
0
32767
4096


1
0
1
6
1
10362
0
0
0
1
400
0
0
26
4096
4096
32767
2049
2048
2048
0
0
0
32767
4096


1
0
1
6
1
10362
0
0
0
1
400
0
0
26
4096
4096
32767
2049
2048
2048
0
0
0
32767
4096


1
0
1
6
1
10362
0
0
0
1
400
0
0
26
4096
4096
32767
2049
2048
2048
0
0
0
32767
4096


1
0
1
6
1
10362
0
0
0
1
400
0
0
26
4096
4096
32767
2049
2048
2048
0
0
0
32767
4096


1
0
1
6
1
10362
0
0
0
1
400
0
0
26
4096
4096
32767
2049
2048
2048
0
0
0
32767
4096



1
64
2712
567
77
-702
-343
-299
-68
-218
-98
-127
0
-41
2
-11
21
25
38
-2
44
17
29
2
31
5
23
2
24
6
24
9
27
13
29
16
30
19
29
18
27
17
23
14
19
11
14
8
10
5
7
3
4
2
3
1
2
0
1
0
0
0
0
0
0
0
