222
4
2

4
1
6


1
0
1
6
1
10362
0
0
0
1
100
0
0
26
4096
4096
32767
2049
2048
2048
0
0
0
32767
4096


1
0
1
6
1
10362
0
0
0
1
100
0
0
26
4096
4096
32767
2049
2048
2048
0
0
0
32767
4096


1
0
1
6
1
10362
0
0
0
1
100
0
0
26
4096
4096
32767
2049
2048
2048
0
0
0
32767
4096


1
0
1
6
1
10362
0
0
0
1
100
0
0
26
4096
4096
32767
2049
2048
2048
0
0
0
32767
4096


1
0
1
6
1
10362
0
0
0
1
100
0
0
26
4096
4096
32767
2049
2048
2048
0
0
0
32767
4096


1
0
1
6
1
10362
0
0
0
1
375
0
0
26
4096
4096
32767
2049
2048
2048
0
0
0
32767
4096


0
32
4096
0
0
0
0
0
0
0
0
0
0
0
0
0
0
0
0
0
0
0
0
0
0
0
0
0
0
0
0
0
0
0
0
0
0
0
0
0
0
0
0
0
0
0
0
0
0
0
0
0
0
0
0
0
0
0
0
0
0
0
0
0
0
0
