342														
7
2

2
1
6


1
0
1
3
1
10362
0
0
0
0
100
0
0
26
4096
4096
32767
256
4096
2024
0
0
0
32767
4096
1
5
-72                                  
-60                               
-30                         
-10                         
0                                 
-72                                    
-50                                  
-30                                     
-15                                       
-8
50
400
0
-3
0
-90
0
100


1
0
1
6
1
10362
0
0
0
0
100
0
0
26
4096
4096
32767
256
4096
2024
0
0
0
32767
4096
1
5
-72                                  
-60                               
-30                         
-10                         
0                                 
-72                                    
-50                                  
-30                                     
-15                                       
-8
50
400
0
-3
0
-90
0
100


1
0
1
9
1
10362
0
0
0
0
100
0
0
26
4096
4096
32767
256
4096
2024
0
0
0
32767
4096
1
5
-72                                  
-60                               
-30                         
-10                         
0                                 
-72                                    
-50                                  
-30                                     
-15                                       
-8
50
400
0
-3
0
-90
0
100


1
0
1
12
1
10362
0
0
0
0
100
0
0
26
4096
4096
32767
256
4096
2024
0
0
0
32767
4096
1
5
-72                                  
-60                               
-30                         
-10                         
0                                 
-72                                    
-50                                  
-30                                     
-15                                       
-8
50
400
0
-3
0
-90
0
100


1
0
1
15
1
10362
0
0
0
0
100
0
0
26
4096
4096
32767
256
4096
2024
0
0
0
32767
4096
1
5
-72                                  
-60                               
-30                         
-10                         
0                                 
-72                                    
-50                                  
-30                                     
-15                                       
-8
50
400
0
-3
0
-90
0
100


1
0
1
18
1
10362
0
0
0
0
100
0
0
26
4096
4096
32767
256
4096
2024
0
0
0
32767
4096
1
5
-72                                  
-60                               
-30                         
-6                         
0                                 
-90                                    
-60                                 
-30                                     
-25                                     
-20
50
400
0
-3
0
-90
0
100


0
32
1319
794
1514
584
422
-292
-283
-272
81
158
199
-3
-68
-125
-33
13
63
28
19
-22
-12
-17
5
1
8
0
1
-2
0
0
0
0
0
0
0
0
0
0
0
0
0
0
0
0
0
0
0
0
0
0
0
0
0
0
0
0
0
0
0
0
0
0
0
0
