207														
7
3

2
1

1
0
0
240
1
13
1
150
1
191
0
8192
2048
0
128
8192
1024
128
8192
512
2
767
12000
10000
768
256
256
12000
280
8230
10158
512
512
512
150
16384
16384
1
12000
32
64
64
16613
512
0
2549
14
0
8192
8192
2048
40
2048
1568
40
2048
1568
1
776
32
1024
800
32
1024
800
1
776
1
32767
8192
23062
-11398
-2622
4704
8698
8807
4494
835
481
209
6655
7358
-1669
4806
-598
-880
16
655
1024
16
1638
181
10
16384
10000
16000
5000
128
9830
16384
6554
6554
9830
512
12288
10240
400
230
26213
0
7
16384
256
4096
12055
32442
23170
4096
0
0
0
5
-78
-55
-30
-10
0
-78
-55
-30
-15
-10
1000
50
0
0
1
32
1319
794
1514
584
422
-292
-283
-272
81
158
199
-3
-68
-125
-33
13
63
28
19
-22
-12
-17
5
1
8
0
1
-2
0
0
0
0
0
0
0
0
0
0
0
0
0
0
0
0
0
0
0
0
0
0
0
0
0
0
0
0
0
0
0
0
0
0
0
0
