222
4
2

1
1
6


1
0
1
3
1
10362
0
0
0
1
100
0
0
26
4096
4096
32767
2049
2048
2048
0
0
0
32767
4096


1
0
1
12
1
10362
0
0
0
1
100
0
0
26
4096
4096
32767
2049
2048
2048
0
0
0
32767
4096


1
0
1
14
1
10362
0
0
0
1
100
0
0
26
4096
4096
32767
2049
2048
2048
0
0
0
32767
4096


1
0
1
16
1
10362
0
0
0
1
100
0
0
26
4096
4096
32767
2049
2048
2048
0
0
0
32767
4096


1
0
1
15
1
10362
0
0
0
1
100
0
0
26
4096
4096
32767
2049
2048
2048
0
0
0
32767
4096


1
0
1
12
1
10362
0
0
0
1
375
0
0
26
4096
4096
32767
2049
2048
2048
0
0
0
32767
4096


0
64
4096
0
0
0
0
0
0
0
0
0
0
0
0
0
0
0
0
0
0
0
0
0
0
0
0
0
0
0
0
0
0
0
0
0
0
0
0
0
0
0
0
0
0
0
0
0
0
0
0
0
0
0
0
0
0
0
0
0
0
0
0
0
0
0
