222
4
2

2
1
6


1
0
1
11
1
10362
0
0
0
1
250
0
1
26
4096
6144
32767
2049
2048
2048
0
0
0
32767
4096


1
0
1
18
1
10362
0
0
0
1
250
0
1
26
4096
4096
32767
2049
2048
2048
0
0
0
32767
4096


1
0
1
20
1
10362
0
0
0
1
250
0
1
26
4096
4096
32767
2049
2048
2048
0
0
0
32767
4096


1
0
1
20
1
10362
0
0
0
1
250
0
1
26
4096
4096
32767
2049
2048
2048
0
0
0
32767
4096


1
0
1
16
1
10362
0
0
0
1
250
0
1
26
4096
4096
32767
2049
2048
2048
0
0
0
32767
4096


1
0
1
15
1
10362
0
0
0
1
250
0
1
26
4096
4096
32767
2049
2048
2048
0
0
0
32767
4096


1
64
2495
1405
890
-597
-205
-264
417
-61
125
-179
127
-69
60
-66
14
-38
52
-29
22
6
11
-31
3
2
11
-7
0
-3
3
0
3
-2
-1
-1
3
1
0
-3
-1
0
2
1
0
0
-1
0
0
0
0
0
0
0
0
0
0
0
0
0
0
0
0
0
0
0
