191
4
3

2
1

LVVE_TX_MODE_ON
LVM_MODE_OFF
LVM_MODE_OFF
110
LVM_MODE_ON
13
LVM_MODE_ON
150
LVM_MODE_ON
63
0
8192
2048
0
88
8192
700
88
8192
700
2
767
12000
4000
512
200
200
17000
280
3000
7000
96
512
512
150
28000
16384
1
1
64
64
64
16800
4096
LVM_MODE_OFF
2549
14
0
8192
8192
2048
40
2048
1568
40
2048
1568
1
776
32
1024
800
32
1024
800
1
776
1
32767
8192
23062
-11398
-2622
4704
8698
8807
4494
835
481
209
6655
7358
-1669
4806
-598
-880
16
655
1024
16
1638
181
10
16384
10000
16000
5000
128
9830
16384
6554
6554
9830
512
12288
10240
400
230
26213
LVM_MODE_OFF
7
16384
256
4096
12055
32442
23170
4096
LVM_MODE_OFF
0
LVM_MODE_OFF
64
3642
-158
456
-67
-372
-66
145
57
-12
35
77
62
40
42
41
20
8
19
23
9
2
14
20
14
9
11
12
9
5
3
1
1
0
-1
-2
-2
-2
-2
-3
-4
-4
-4
-4
-4
-4
-4
-3
-2
-1
-1
0
0
0
0
0
0
0
0
0
0
0
0
0
0