342
7
2

40001
1
6


1
0
1
-9
1
8230
0
0
0
0
50
0
0
26
4096
4096
32767
256
4096
2024
0
0
0
32767
4096
1
5
-96
-85
-70
-11
0
-96
-96
-70
-11
-11
50
1000
1
-11
0
-80
1
200



1
0
1
-4
1
8230
0
0
0
0
50
0
0
26
4096
4096
32767
256
4096
2024
0
0
0
32767
4096
1
5
-96
-85
-70
-11
0
-96
-96
-70
-11
-11
50
1000
1
-11
0
-80
1
200



1
0
1
0
1
8230
0
0
0
0
50
0
0
26
4096
4096
32767
256
4096
2024
0
0
0
32767
4096
1
5
-96
-85
-70
-11
0
-96
-96
-70
-11
-11
50
1000
1
-11
0
-80
1
200



1
0
1
4
1
8230
0
0
0
0
50
0
0
26
4096
4096
32767
256
4096
2024
0
0
0
32767
4096
1
5
-96
-85
-70
-11
0
-96
-96
-70
-11
-11
50
1000
1
-11
0
-80
1
200



1
0
1
8
1
8230
0
0
0
0
50
0
0
26
4096
4096
32767
256
4096
2024
0
0
0
32767
4096
1
5
-96
-85
-70
-11
0
-96
-96
-70
-11
-11
50
1000
1
-11
0
-80
1
200



1
0
1
12
1
8230
0
0
0
0
50
0
0
26
4096
4096
32767
256
4096
2024
0
0
0
32767
4096
1
5
-96
-85
-70
-11
0
-96
-96
-70
-11
-11
50
1000
1
-11
0
-80
1
200



0
64
4096
0
0
0
0
0
0
0
0
0
0
0
0
0
0
0
0
0
0
0
0
0
0
0
0
0
0
0
0
0
0
0
0
0
0
0
0
0
0
0
0
0
0
0
0
0
0
0
0
0
0
0
0
0
0
0
0
0
0
0
0
0
0
0
