342
7
2

10008
1
6


1
0
1
-18
1
8230
0
0
0
0
50
0
0
26
4096
4096
32767
256
4096
2024
0
0
0
32767
4096
1
5
-96
-87
-80
-6
0
-96
-96
-80
-6
0
50
1000
1
-6
1
-88
1
200



1
0
1
-14
1
8230
0
0
0
0
50
0
0
26
4096
4096
32767
256
4096
2024
0
0
0
32767
4096
1
5
-96
-87
-80
-6
0
-96
-96
-80
-6
0
50
1000
1
-6
1
-88
1
200



1
0
1
-10
1
8230
0
0
0
0
50
0
0
26
4096
4096
32767
256
4096
2024
0
0
0
32767
4096
1
5
-96
-87
-80
-6
0
-96
-96
-80
-6
0
50
1000
1
-6
1
-88
1
200


1
0
1
-6
1
8230
0
0
0
0
50
0
0
26
4096
4096
32767
256
4096
2024
0
0
0
32767
4096
1
5
-96
-87
-80
-6
0
-96
-96
-80
-6
0
50
1000
1
-6
1
-88
1
200


1
0
1
-2
1
8230
0
0
0
0
50
0
0
26
4096
4096
32767
256
4096
2024
0
0
0
32767
4096
1
5
-96
-87
-80
-6
0
-96
-96
-80
-6
0
50
1000
1
-6
1
-88
1
200


1
0
1
2
1
8230
0
0
0
0
50
0
0
26
4096
4096
32767
256
4096
2024
0
0
0
32767
4096
1
5
-96
-87
-80
-6
0
-96
-96
-80
-6
0
50
1000
1
-6
1
-88
1
200


0
64
4096
0
0
0
0
0
0
0
0
0
0
0
0
0
0
0
0
0
0
0
0
0
0
0
0
0
0
0
0
0
0
0
0
0
0
0
0
0
0
0
0
0
0
0
0
0
0
0
0
0
0
0
0
0
0
0
0
0
0
0
0
0
0
0
