342
7
2

16
1
6


1
0
1
-15
1
10922
0
0
0
1
50
0
0
26
4096
4096
32767
256
4096
2024
0
0
0
32767
4096
0
5
-78
-54
-24
-6
0
-78
-30
-12
-6
0
1000
50
0
0
0
-90
1
400



1
0
1
-11
1
10922
0
0
0
1
50
0
0
26
4096
4096
32767
256
4096
2024
0
0
0
32767
4096
0
5
-78
-54
-24
-6
0
-78
-30
-12
-6
0
1000
50
0
0
0
-90
1
400



1
0
1
-7
1
10922
0
0
0
1
50
0
0
26
4096
4096
32767
256
4096
2024
0
0
0
32767
4096
0
5
-78
-54
-24
-6
0
-78
-30
-12
-6
0
1000
50
0
0
0
-90
1
400


1
0
1
-3
1
10922
0
0
0
1
50
0
0
26
4096
4096
32767
256
4096
2024
0
0
0
32767
4096
0
5
-78
-54
-24
-6
0
-78
-30
-12
-6
0
1000
50
0
0
0
-90
1
400


1
0
1
1
1
10922
0
0
0
1
50
0
0
26
4096
4096
32767
256
4096
2024
0
0
0
32767
4096
0
5
-78
-54
-24
-6
0
-78
-30
-12
-6
0
1000
50
0
0
0
-90
1
400


1
0
1
5
1
8230
0
0
0
0
50
0
0
26
4096
4096
32767
256
4096
2024
0
0
0
32767
4096
1
5
-96
-85
-75
-6
0
-96
-85
-75
-6
0
50
1000
0
-6
0
-90
1
300


0
64
4096
0
0
0
0
0
0
0
0
0
0
0
0
0
0
0
0
0
0
0
0
0
0
0
0
0
0
0
0
0
0
0
0
0
0
0
0
0
0
0
0
0
0
0
0
0
0
0
0
0
0
0
0
0
0
0
0
0
0
0
0
0
0
0
