342
7
2

10017
1
6


1
0
1
-20
1
8230
0
0
0
1
50
0
0
26
4096
4096
32767
256
4096
2024
0
0
0
32767
4096
1
5
-96
-85
-75
-5
0
-96
-96
-75
-5
0
50
1000
1
-3
0
-90
1
200



1
0
1
-16
1
8230
0
0
0
1
50
0
0
26
4096
4096
32767
256
4096
2024
0
0
0
32767
4096
1
5
-96
-85
-75
-5
0
-96
-96
-75
-5
0
50
1000
1
-3
0
-90
1
200



1
0
1
-12
1
8230
0
0
0
1
50
0
0
26
4096
4096
32767
256
4096
2024
0
0
0
32767
4096
1
5
-96
-85
-75
-5
0
-96
-96
-75
-5
0
50
1000
1
-3
0
-90
1
200


1
0
1
-8
1
8230
0
0
0
1
50
0
0
26
4096
4096
32767
256
4096
2024
0
0
0
32767
4096
1
5
-96
-85
-75
-5
0
-96
-96
-75
-5
0
50
1000
1
-3
0
-90
1
200


1
0
1
-4
1
8230
0
0
0
1
50
0
0
26
4096
4096
32767
256
4096
2024
0
0
0
32767
4096
1
5
-96
-85
-75
-5
0
-96
-96
-75
-5
0
50
1000
1
-3
0
-90
1
200


1
0
1
0
1
8230
0
0
0
0
50
0
0
26
4096
4096
32767
256
4096
2024
0
0
0
32767
4096
1
5
-96
-75
-72
-3
0
-96
-96
-72
-3
-3
50
1000
1
-3
0
-90
1
300


1
64
4189
60
-170
-286
-210
-20
136
161
68
-50
-100
-58
27
85
78
24
-26
-37
-5
40
67
61
35
12
6
16
27
28
17
0
-11
-13
-9
-3
-2
-4
-8
-9
-8
-5
-2
-2
-3
-4
-4
-4
-3
-2
-1
-1
-1
0
0
0
0
0
0
0
0
0
0
0
0
0
