342
7
2

26
1
6


1
0
1
-17
1
6230
0
0
0
0
50
0
0
26
4096
4096
32767
256
4096
2024
0
0
0
32767
4096
1
5
-96
-85
-60
-9
0
-96
-96
-60
-9
0
50
1000
1
0
1
-85
1
150



1
0
1
-13
1
6230
0
0
0
0
50
0
0
26
4096
4096
32767
256
4096
2024
0
0
0
32767
4096
1
5
-96
-85
-60
-9
0
-96
-96
-60
-9
0
50
1000
1
0
1
-85
1
150



1
0
1
-9
1
6230
0
0
0
0
50
0
0
26
4096
4096
32767
256
4096
2024
0
0
0
32767
4096
1
5
-96
-85
-60
-9
0
-96
-96
-60
-9
0
50
1000
1
0
1
-85
1
150



1
0
1
-5
1
6230
0
0
0
0
50
0
0
26
4096
4096
32767
256
4096
2024
0
0
0
32767
4096
1
5
-96
-85
-60
-9
0
-96
-96
-60
-9
0
50
1000
1
0
1
-85
0
150



1
0
1
-1
1
6230
0
0
0
0
50
0
0
26
4096
4096
32767
256
4096
2024
0
0
0
32767
4096
1
5
-96
-85
-60
-9
0
-96
-96
-60
-9
0
50
1000
1
0
1
-85
0
150



1
0
1
3
1
6230
0
0
0
0
50
0
0
26
4096
4096
32767
256
4096
2024
0
0
0
32767
4096
1
5
-96
-85
-60
-9
0
-96
-96
-60
-9
0
50
1000
1
-3
1
-85
0
150



1
64
4081
-28
-26
-23
-20
-17
-13
-10
-6
-2
0
3
6
9
11
13
14
15
15
15
14
14
13
11
10
8
7
5
3
2
1
0
-1
-2
-2
-3
-3
-3
-3
-3
-3
-3
-2
-2
-2
-1
-1
-1
0
0
0
0
0
0
0
0
0
0
0
0
0
0
0
0
