342
7
2

10016
1
6


1
0
1
-15
1
8230
0
0
0
1
50
0
0
26
4096
4096
32767
256
4096
2024
0
0
0
32767
4096
1
5
-96
-80
-75
-5
0
-96
-96
-75
-5
0
50
1000
1
-3
0
-90
1
200



1
0
1
-11
1
8230
0
0
0
1
50
0
0
26
4096
4096
32767
256
4096
2024
0
0
0
32767
4096
1
5
-96
-85
-75
-5
0
-96
-96
-75
-5
0
50
1000
1
-3
0
-90
1
200



1
0
1
-7
1
8230
0
0
0
1
50
0
0
26
4096
4096
32767
256
4096
2024
0
0
0
32767
4096
1
5
-96
-85
-75
-5
0
-96
-96
-75
-5
0
50
1000
1
-3
0
-90
1
200


1
0
1
-3
1
8230
0
0
0
1
50
0
0
26
4096
4096
32767
256
4096
2024
0
0
0
32767
4096
1
5
-96
-85
-75
-5
0
-96
-96
-75
-5
0
50
1000
1
-3
0
-90
1
200


1
0
1
1
1
8230
0
0
0
1
50
0
0
26
4096
4096
32767
256
4096
2024
0
0
0
32767
4096
1
5
-96
-85
-75
-5
0
-96
-96
-75
-5
0
50
1000
1
-3
0
-90
1
200


1
0
1
5
0
8230
0
0
0
0
50
0
0
26
4096
4096
32767
256
4096
2024
0
0
0
32767
4096
1
5
-96
-75
-72
-5
0
-96
-96
-72
-5
0
50
1000
1
-10
1
-90
1
300


0
64
4096
0
0
0
0
0
0
0
0
0
0
0
0
0
0
0
0
0
0
0
0
0
0
0
0
0
0
0
0
0
0
0
0
0
0
0
0
0
0
0
0
0
0
0
0
0
0
0
0
0
0
0
0
0
0
0
0
0
0
0
0
0
0
0
