342
7
2

2
0
6


1
0
1
-19
1
8230
0
0
0
0
50
0
0
26
4096
4096
32767
256
4096
2024
0
0
0
32767
4096
0
5
-96
-75
-60
-7
0
-96
-96
-60
-7
-7
50
1000
0
-2
0
-90
0
250



1
0
1
-15
1
8230
0
0
0
0
50
0
0
26
4096
4096
32767
256
4096
2024
0
0
0
32767
4096
0
5
-96
-75
-60
-7
0
-96
-96
-60
-7
-7
50
1000
0
-2
0
-90
0
250



1
0
1
-11
1
8230
0
0
0
0
50
0
0
26
4096
4096
32767
256
4096
2024
0
0
0
32767
4096
0
5
-96
-75
-60
-7
0
-96
-96
-60
-7
-7
50
1000
0
-2
0
-90
0
250


1
0
1
-7
1
8230
0
0
0
0
50
0
0
26
4096
4096
32767
256
4096
2024
0
0
0
32767
4096
0
5
-96
-75
-60
-7
0
-96
-96
-60
-7
-7
50
1000
0
-2
0
-90
0
250


1
0
1
-3
1
8230
0
0
0
0
50
0
0
26
4096
4096
32767
256
4096
2024
0
0
0
32767
4096
0
5
-96
-75
-60
-7
0
-96
-96
-60
-7
-7
50
1000
0
-2
0
-90
0
250


1
0
1
1
1
8230
0
0
0
0
50
0
0
26
4096
4096
32767
256
4096
2024
0
0
0
32767
4096
0
5
-96
-75
-60
-7
0
-96
-96
-60
-7
-7
50
1000
0
-2
0
-90
0
250


0
32
4380
-666
-1
477
-273
163
-52
-13
70
92
4
-1
-10
-55
-1
-20
-14
0
-3
3
4
2
2
3
2
1
0
0
0
0
0
0
0
0
0
0
0
0
0
0
0
0
0
0
0
0
0
0
0
0
0
0
0
0
0
0
0
0
0
0
0
0
0
0

