207
7
3

10016
1

1
0
0
1660
1
6
1
350
0
63
0
8192
2048
0
200
0
1024
128
8192
800
1
767
1000
1000
512
256
256
18000
280
8230
16384
256
512
768
150
16384
16384
1
12000
64
64
64
16384
4096
0
2549
14
0
8192
8192
2048
40
2048
1568
40
2048
1568
1
776
32
1024
800
32
1024
800
1
776
1
32767
8192
23062
-11398
-2622
4704
8698
8807
4494
835
481
209
6655
7358
-1669
4806
-598
-880
16
655
1024
16
1638
181
10
16384
10000
16000
5000
128
9830
16384
6554
6554
9830
512
12288
10240
400
230
26213
0
7
16384
256
4096
12055
32442
23170
4096
0
0
1
5
-96
-80
-70
-5
0
-96
-96
-70
-5
0
50
1000
1
-4
1
64
4128
83
111
95
22
-79
-163
-194
-172
-124
-77
-44
-19
9
48
89
117
122
105
76
45
20
3
-9
-20
-28
-31
-27
-17
-5
5
12
15
15
13
10
6
1
-2
-6
-9
-10
-9
-8
-6
-4
-3
-1
0
0
0
0
0
0
0
0
0
0
0
0
0
0
0
0
