207
7
3

20002
1

1
0
0
20
1
5
1
300
1
191
0
8192
2048
0
96
8192
4000
80
8192
1024
2
767
16000
14000
512
512
256
16000
280
8230
16384
512
512
768
150
16384
16384
1
8000
32
64
64
16688
512
0
2549
14
0
8192
8192
2048
40
2048
1568
40
2048
1568
1
776
32
1024
800
32
1024
800
1
776
1
32767
8192
23062
-11398
-2622
4704
8698
8807
4494
835
481
209
6655
7358
-1669
4806
-598
-880
16
655
1024
16
1638
181
10
16384
10000
16000
5000
128
9830
16384
6554
6554
9830
512
12288
10240
400
230
26213
0
7
16384
256
4096
12055
32442
23170
4096
0
0
1
5
-96
-85
-75
-10
0
-96
-90
-75
-10
-10
50
1000
1
-6
1
64
3681
520
-78
-78
104
-106
105
-92
74
-61
51
-41
32
-27
23
-20
20
-18
14
-10
8
-8
7
-5
4
-3
3
-2
1
-1
1
-1
0
0
0
0
0
0
0
0
0
0
0
0
0
0
0
0
0
0
0
0
0
0
0
0
0
0
0
0
0
0
0
0
