342
7
2

2
1
6



1
0
1
-6
1
1024
0
0
0
0
375
0
0
26
1024
20000
23198
256
2048
512
12055
32604
32441
28000
1024
1
5
-72
-45
-35
-10
0
-72
-45
-20
-10
-10
50
1000
0
-6
1
-83
0
600



1
0
1
-5
1
1024
0
0
0
0
375
0
0
26
1024
20000
23198
256
2048
512
12055
32604
32441
28000
1024
1
5
-72
-45
-35
-10
0
-72
-45
-20
-10
-10
50
1000
0
-6
1
-83
0
600



1
0
1
-4
1
1024
0
0
0
0
375
0
0
26
1024
20000
23198
256
2048
512
12055
32604
32441
28000
1024
1
5
-72
-45
-35
-10
0
-72
-45
-20
-10
-10
50
1000
0
-6
1
-83
0
600



1
0
1
-3
1
1024
0
0
0
0
375
0
0
26
1024
20000
23198
256
2048
512
12055
32604
32441
28000
1024
1
5
-72
-45
-35
-10
0
-72
-45
-20
-10
-10
50
1000
0
-6
1
-83
0
600



1
0
1
0
1
1024
0
0
0
0
375
0
0
26
1024
20000
23198
256
2048
512
12055
32604
32441
28000
1024
1
5
-72
-45
-35
-10
0
-72
-45
-20
-10
-10
50
1000
0
-6
1
-83
0
600



1
0
1
3
1
1024
0
0
0
0
375
0
0
26
1024
20000
23198
256
2048
512
12055
32604
32441
28000
1024
1
5
-72
-45
-35
-10
0
-72
-45
-20
-10
-10
50
1000
0
-6
1
-83
0
600



0
64
3770
-503
-194
96
296
375
339
227
86
-35
-110
-131
-111
-69
-28
0
12
13
10
9
13
18
21
18
9
-1
-10
-15
-15
-11
-4
0
3
4
3
2
1
1
1
1
0
0
0
-1
-1
-1
0
0
0
0
0
0
0
0
0
0
0
0
0
0
0
0
0
0