342
7
2

1
1
6



1
0
1
0
1
512
0
0
0
0
100
0
0
26
1024
20000
23198
256
2048
512
12055
32604
32441
28000
1024
0
5
-72
-55
-45
-3
0
-72
-55
-45
-3
-3
50
400
0
0
0
-90
0
100



1
0
1
0
1
512
0
0
0
0
100
0
0
26
1024
20000
23198
256
2048
512
12055
32604
32441
28000
1024
0
5
-72
-55
-45
-3
0
-72
-55
-45
-3
-3
50
400
0
0
0
-90
0
100



1
0
1
0
1
512
0
0
0
0
100
0
0
26
1024
20000
23198
256
2048
512
12055
32604
32441
28000
1024
0
5
-72
-55
-45
-3
0
-72
-55
-45
-3
-3
50
400
0
0
0
-90
0
100



1
0
1
0
1
512
0
0
0
0
100
0
0
26
1024
20000
23198
256
2048
512
12055
32604
32441
28000
1024
0
5
-72
-55
-45
-3
0
-72
-55
-45
-3
-3
50
400
0
0
0
-90
0
100



1
0
1
0
1
512
0
0
0
0
100
0
0
26
1024
20000
23198
256
2048
512
12055
32604
32441
28000
1024
0
5
-72
-55
-45
-3
0
-72
-55
-45
-3
-3
50
400
0
0
0
-90
0
100



1
0
1
0
1
512
0
0
0
0
100
0
0
26
1024
20000
23198
256
2048
512
12055
32604
32441
28000
1024
0
5
-72
-55
-45
-3
0
-72
-55
-45
-3
-3
50
400
0
0
0
-90
0
100



1
64
2354
-1026
885
24
83
469
261
9
-92
-153
-81
43
64
31
10
-8
0
32
36
10
0
6
6
2
7
15
20
19
15
11
10
11
12
13
14
13
12
10
9
8
7
7
6
5
4
3
2
1
1
0
0
0
0
0
0
0
0
0
0
0
0
0
0
0					