342
7
2

4098
1
6



1
0
1
2
1
8230
0
0
0
0
300
0
0
26
1024
20000
23198
256
2048
512
12055
32604
32441
28000
1024
0
5
-72
-67
-64
-7
0
-90
-72
-60
-3
0
50
400
1
-2
0
-90
1
200



1
0
1
2
1
8230
0
0
0
0
300
0
0
26
1024
20000
23198
256
2048
512
12055
32604
32441
28000
1024
0
5
-72
-67
-64
-7
0
-90
-72
-60
-3
0
50
400
1
-2
0
-90
1
200



1
0
1
2
1
8230
0
0
0
0
300
0
0
26
1024
20000
23198
256
2048
512
12055
32604
32441
28000
1024
0
5
-72
-67
-64
-7
0
-90
-72
-60
-3
0
50
400
1
-2
0
-90
1
200



1
0
1
2
1
8230
0
0
0
0
300
0
0
26
1024
20000
23198
256
2048
512
12055
32604
32441
28000
1024
0
5
-72
-67
-64
-7
0
-90
-72
-60
-3
0
50
400
1
-2
0
-90
1
200



1
0
1
2
1
8230
0
0
0
0
300
0
0
26
1024
20000
23198
256
2048
512
12055
32604
32441
28000
1024
0
5
-72
-67
-64
-7
0
-90
-72
-60
-3
0
50
400
1
-2
0
-90
1
200



1
0
1
2
1
8230
0
0
0
0
300
0
0
26
1024
20000
23198
256
2048
512
12055
32604
32441
28000
1024
0
5
-72
-67
-64
-7
0
-90
-72
-60
-3
0
50
400
1
-2
0
-90
1
200



1
64
3736                
295                 
92                  
-281                
401                 
-76                 
-62                 
94                  
-133                
-70                 
26                  
27                  
47                  
47                  
18                  
-32                 
-55                 
-32                 
-9                  
17                  
42                  
35                  
6                   
-17                 
-30                 
-27                 
-9                  
13                  
25                  
21                  
7                   
-9                  
-19                 
-16                 
-5                  
6                   
13                  
12                  
4                   
-4                  
-9                  
-8                  
-3                  
2                   
5                   
5                   
2                   
-1                  
-3                  
-3                  
-1                  
0                   
1                   
1                   
0                   
0                   
0                   
0                   
0                   
0                   
0                   
0                   
0                   
0                   
