342
7
2

4100
1
6



1
0
1
4
1
5304
0
0
0
0
375
0
0
26
4096
4096
32767
256	
2048	
512	
0
0
0
32767
4096
1
5
-92       
-72       
-66       
-10       
0         
-92       
-92       
-66       
-10       
0         
50
400
0
0
0
-90
0
100



1
0
1
4
1
5304
0
0
0
0
375
0
0
26
4096
4096
32767
256	
2048	
512	
0
0
0
32767
4096
1
5
-92              
-72              
-66              
-10              
0                
-92              
-92              
-66              
-10              
0                
50
400
0
0
0
-90
0
100



1
0
1
4
1
5304
0
0
0
0
375
0
0
26
4096
4096
32767
256	
2048	
512	
0
0
0
32767
4096
1
5
-92              
-72              
-66              
-10              
0                
-92              
-92              
-66              
-10              
0                
50
400
0
0
0
-90
0
100



1
0
1
4
1
5304
0
0
0
0
375
0
0
26
4096
4096
32767
256	
2048	
512	
0
0
0
32767
4096
1
5
-92                
-72                
-66                
-10                
0                  
-92                
-92                
-66                
-10                
0                  
50
400
0
0
0
-90
0
100



1
0
1
4
1
5304
0
0
0
0
375
0
0
26
4096
4096
32767
256	
2048	
512	
0
0
0
32767
4096
1
5
-92                
-72                
-66                
-10                
0                  
-92                
-92                
-66                
-10                
0                  
50
400
0
0
0
-90
0
100



1
0
1
4
1
5304
0
0
0
0
375
0
0
26
4096
4096
32767
256	
2048	
512	
0
0
0
32767
4096
1
5
-92             
-72             
-66             
-10             
0               
-92             
-92             
-66             
-10             
0               
50
400
0
0
0
-90
0
100



0
32
-8
6
-1
-3
2
5
-14
18
-9
-7
18
-2
-54
148
-256
342
3720
342
-255
148
-55
-2
18
-7
-10
18
-14
5
3
-3
-1
0
0
0
0
0
0
0
0
0
0
0
0
0
0
0
0
0
0
0
0
0
0
0
0
0
0
0
0
0
0
0
0
0								