342
7
2

4097
1
6



1
0
1
5  //2
1
5304
0
0
0
0
100
0
0
26
1024
20000
23198
256
2048
512
12055
32604
32441
28000
1024
1               
5               
-92             
-72             
-67             
-10             
0               
-92             
-92             
-67             
-10             
0               
50              
400             
0
0
0
-90
0
100



1
0
1
5  //2
1
5304
0
0
0
0
100
0
0
26
1024
20000
23198
256
2048
512
12055
32604
32441
28000
1024
1           
5           
-92         
-72         
-67         
-10         
0           
-92         
-92         
-67         
-10         
0           
50          
400         
0
0
0
-90
0
100



1
0
1
5   //2
1
5304
0
0
0
0
100
0
0
26
1024
20000
23198
256
2048
512
12055
32604
32441
28000
1024
1              
5              
-92            
-72            
-67            
-10            
0              
-92            
-92            
-67            
-10            
0              
50             
400            
0
0
0
-90
0
100



1
0
1
5   //2
1
5304
0
0
0
0
100
0
0
26
1024
20000
23198
256
2048
512
12055
32604
32441
28000
1024
1            
5            
-92          
-72          
-67          
-10          
0            
-92          
-92          
-67          
-10          
0            
50           
400          
0
0
0
-90
0
100



1
0
1
5    //2
1
5304
0
0
0
0
100
0
0
26
1024
20000
23198
256
2048
512
12055
32604
32441
28000
1024
1                
5                
-92              
-72              
-67              
-10              
0                
-92              
-92              
-67              
-10              
0                
50               
400              
0
0
0
-90
0
100



1
0
1
5   //2
1
5304
0
0
0
0
100
0
0
26
1024
20000
23198
256
2048
512
12055
32604
32441
28000
1024
1             
5             
-92           
-72           
-67           
-10           
0             
-92           
-92           
-67           
-10           
0             
50            
400           
0
0
0
-90
0
100



1
64
3762
522
-421
424
-330
226
-118
18
25
-17
17
-37
43
-25
8
-1
-3
9
-8
1
1
0
0
-1
1
0
0
-1
1
0
0
0
0
0
0
0
0
0
0
0
0
0
0
0
0
0
0
0
0
0
0
0
0
0
0
0
0
0
0
0
0
0
0
0
