207
7
3

4128
1

1
0
1
850
1
8
1
200
1
31
0
8192
2048
0
128
8192
1024
96
8192
1024
2
767
20000
13000
768
256
256
20000
1024
5304
8192
512
512
512
150
16384
16384
1
12000
32
64
64
16384
512
0
2549
14
0
8192
8192
2048
40
2048
1568
40
2048
1568
1
776
32
1024
800
32
1024
800
1
776
1
32767
8192
23062
-11398
-2622
4704
8698
8807
4494
835
481
209
6655
7358
-1669
4806
-598
-880
16
655
1024
16
1638
181
10
16384
10000
16000
5000
128
9830
16384
6554
6554
9830
512
12288
10240
400
230
26213
0
7
16384
256
4096
12055
32442
23170
4096
0
0
1
5
-72
-67
-45
-9
0
-90
-67
-45
-9
0
50
400
0
0
0
32
4096
0
0
0
0
0
0
0
0
0
0
0
0
0
0
0
0
0
0
0
0
0
0
0
0
0
0
0
0
0
0
0
0
0
0
0
0
0
0
0
0
0
0
0
0
0
0
0
0
0
0
0
0
0
0
0
0
0
0
0
0
0
0
0

