207
7
3

4098
1

1					
0
0
45
1
11
1
100
1
63
0
4096
4096
0
128
8192
1024
96
6554
768
2
776
8000			
6000		
768
256
256
8000		
280
5304
16384					
512
512
768
150
16384
16384
1
26000
32
64
64
16612
4096
0
2549
14
0
8192
8192
2048
40
2048
1568
40
2048
1568
1
776
32
1024
800
32
1024
800
1
776
1
32767
8192
23062
-11398
-2622
4704
8698
8807
4494
835
481
209
6655
7358
-1669
4806
-598
-880
16
655
1024
16
1638
181
10
16384
10000
16000
5000
128
9830
16384
6554
6554
9830
512
12288
10240
400
230
26213
0
7
16384
256
4096
12055
32442
23170
4096
0
0
1
5
-92
-72
-66
-9
0
-92
-92
-66
-9
0
50
500
0
0
0
64
3571
-712
-148
187
317
302
218
132
76
54
48
41
24
0
-20
-27
-19
-4
9
15
10
1
-7
-10
-7
0
6
8
6
1
-4
-9
-10
-9
-7
-5
-2
-1
0
2
4
5
5
5
4
2
1
0
0
-1
-1
-1
-1
0
0
0
0
0
0
0
0
0
0
0
