191
4
3

2
1

LVVE_TX_MODE_ON
LVM_MODE_OFF
LVM_MODE_OFF
110
LVM_MODE_ON
10
LVM_MODE_ON
150
LVM_MODE_ON
63
0
4096
4096
0
96
8192
256
64
8192
256
2
767
16000
14000
768
512
512
16000
280
1000
7000
128
512
512
150
28000
16384
1
1
64
64
64
16800
4096
LVM_MODE_OFF
2549
14
0
8192
8192
2048
40
2048
1568
40
2048
1568
1
776
32
1024
800
32
1024
800
1
776
1
32767
8192
23062
-11398
-2622
4704
8698
8807
4494
835
481
209
6655
7358
-1669
4806
-598
-880
16
655
1024
16
1638
181
10
16384
10000
16000
5000
128
9830
16384
6554
6554
9830
512
12288
10240
400
230
26213
LVM_MODE_OFF
7
16384
256
4096
12055
32442
23170
4096
LVM_MODE_OFF
0
LVM_MODE_OFF
64
2769
1008
-624
-530
-208
-209
-159
-200
-68
-69
7
-47
6
-41
19
-25
33
-10
40
2
52
2
37
0
41
-1
27
-6
30
0
25
-5
22
-1
22
-1
17
-1
16
0
15
0
12
0
11
1
10
1
8
1
5
0
4
0
2
0
1
0
0
0
0
0
0
0