191
4
3

4
1

LVVE_TX_MODE_ON
LVM_MODE_OFF
LVM_MODE_OFF
100
LVM_MODE_ON
0
LVM_MODE_ON
150
LVM_MODE_ON
63
0
8192
2048
0
96
8192
512
64
8192
1024
1
776
12000
10000
512
256
256
12000
280
5832
8000
512
512
512
150
16384
16384
1
20480
64
64
64
16384
4096
LVM_MODE_OFF
2549
14
0
8192
8192
2048
40
2048
1568
40
2048
1568
1
776
32
1024
800
32
1024
800
1
776
1
32767
8192
23062
-11398
-2622
4704
8698
8807
4494
835
481
209
6655
7358
-1669
4806
-598
-880
16
655
1024
16
1638
181
10
16384
10000
16000
5000
128
9830
16384
6554
6554
9830
512
12288
10240
400
230
26213
LVM_MODE_OFF
7
16384
256
4096
12055
32442
23170
4096
LVM_MODE_OFF
0
LVM_MODE_OFF
64
4096
0
0
0
0
0
0
0
0
0
0
0
0
0
0
0
0
0
0
0
0
0
0
0
0
0
0
0
0
0
0
0
0
0
0
0
0
0
0
0
0
0
0
0
0
0
0
0
0
0
0
0
0
0
0
0
0
0
0
0
0
0
0
0
