191
4
3

32
1

LVVE_TX_MODE_ON
LVM_MODE_OFF
LVM_MODE_ON
200
LVM_MODE_ON
3
LVM_MODE_OFF
150                          
LVM_MODE_ON
63
0
8192                         
4096
0
128
8192
1024
96
8192
1024
2
767
16000
16000
512
256
256                          
24000
280
2000
16384
256
512
512
0
16384
16384
1
12000
64
64
64
16384
512
LVM_MODE_OFF
2549
14
0
8192
8192
2048
40
2048
1568
40
2048
1568
1
776
32
1024
800
32
1024
800
1
776
1
32767
8192
23062
-11398
-2622
4704
8698
8807
4494
835
481
209
6655
7358
-1669
4806
-598
-880
16
655
1024
16
1638
181
10
16384
10000
16000
5000
128
9830
16384
6554
6554
9830
512
12288
10240
400
230
26213
LVM_MODE_ON
7
23170
256
512
12055
32442
28000
4096
LVM_MODE_OFF
0
LVM_MODE_ON 
64
3894
-378
-337
-294
-251
-209
-169
-132
-98
-68
-43
-22
-5
7
16
22
25
26
25
23
21
19
16
14
13
12
11
12
12
13
14
15
16
17
18
18
18
18
18
17
16
15
14
13
12
11
10
9
8
7
6
5
4
4
3
2
2
1
1
0
0
0
0
0
