342														
7
2

4
1
6


1
0
1
-12
1
10362
0
0
0
0
100
0
0
26
4096
4096
32767
256
4096
2024
0
0
0
32767
4096
1
5
-78
-40
-18
-10
0
-78
-40
-18
-13
-10
1000
50
0
0
0
-93
0
100


1
0
1
-9
1
10362
0
0
0
0
100
0
0
26
4096
4096
32767
256
4096
2024
0
0
0
32767
4096
1
5
-78
-40
-18
-10
0
-78
-40
-18
-13
-10
1000
50
0
0
0
-93
0
100


1
0
1
-6
1
10362
0
0
0
0
100
0
0
26
4096
4096
32767
256
4096
2024
0
0
0
32767
4096
1
5
-78
-40
-18
-10
0
-78
-40
-18
-13
-10
1000
50
0
0
0
-93
0
100


1
0
1
-3
1
10362
0
0
0
0
100
0
0
26
4096
4096
32767
256
4096
2024
0
0
0
32767
4096
1
5
-78
-40
-18
-10
0
-78
-40
-18
-13
-10
1000
50
0
0
0
-93
0
100


1
0
1
0
1
10362
0
0
0
0
100
0
0
26
4096
4096
32767
256
4096
2024
0
0
0
32767
4096
1
5
-78
-40
-18
-10
0
-78
-40
-18
-13
-10
1000
50
0
0
0
-93
0
100


1
0
1
3
1
10362
0
0
0
0
100
0
0
26
4096
4096
32767
256
4096
2024
0
0
0
32767
4096
1
5
-78
-40
-18
-10
0
-78
-40
-18
-13
-10
1000
50
0
0
0
-93
0
100


0
32
4096
0
0
0
0
0
0
0
0
0
0
0
0
0
0
0
0
0
0
0
0
0
0
0
0
0
0
0
0
0
0
0
0
0
0
0
0
0
0
0
0
0
0
0
0
0
0
0
0
0
0
0
0
0
0
0
0
0
0
0
0
0
0
0
