342														
7
2

2
1
6


1
0
1
-11
1
10362
0
0
0
0
100
0
0
26
4096
4096
32767
256
4096
2024
0
0
0
32767
4096
1
5
-72
-50
-30
-6
0
-72
-50
-30
-9
-4
50
400
0
-3
0
-90
0
100


1
0
1
-8
1
10362
0
0
0
0
100
0
0
26
4096
4096
32767
256
4096
2024
0
0
0
32767
4096
1
5
-72
-50
-30
-6
0
-72
-50
-30
-9
-4
50
400
0
-3
0
-90
0
100


1
0
1
-5
1
10362
0
0
0
0
100
0
0
26
4096
4096
32767
256
4096
2024
0
0
0
32767
4096
1
5
-72
-50
-30
-6
0
-72
-50
-30
-9
-4
50
400
0
-3
0
-90
0
100


1
0
1
-2
1
10362
0
0
0
0
100
0
0
26
4096
4096
32767
256
4096
2024
0
0
0
32767
4096
1
5
-72
-50
-30
-6
0
-72
-50
-30
-9
-4
50
400
0
-3
0
-90
0
100


1
0
1
1
1
10362
0
0
0
0
100
0
0
26
4096
4096
32767
256
4096
2024
0
0
0
32767
4096
1
5
-72
-50
-30
-6
0
-72
-50
-30
-9
-4
50
400
0
-3
0
-90
0
100


1
0
1
4
1
10362
0
0
0
0
100
0
0
26
4096
4096
32767
256
4096
2024
0
0
0
32767
4096
1
5
-72
-50
-30
-6
0
-72
-50
-30
-9
-4
50
400
0
-3
0
-90
0
100


0
32
4096
0
0
0
0
0
0
0
0
0
0
0
0
0
0
0
0
0
0
0
0
0
0
0
0
0
0
0
0
0
0
0
0
0
0
0
0
0
0
0
0
0
0
0
0
0
0
0
0
0
0
0
0
0
0
0
0
0
0
0
0
0
0
0
