342
7
2

20001
1
6


1
0
1
-10
1
1036
0
0
0
0
50
0
0
26
4096
4096
32767
256
4096
2024
0
0
0
32767
4096
1
5
-96
-85
-70
-9
0
-96
-96
-70
-9
-7
50
1000
1
-2
0
-80
1
200



1
0
1
-6
1
1036
0
0
0
0
50
0
0
26
4096
4096
32767
256
4096
2024
0
0
0
32767
4096
1
5
-96
-85
-70
-9
0
-96
-96
-70
-9
-7
50
1000
1
-2
0
-80
1
200



1
0
1
-2
1
8230
0
0
0
0
50
0
0
26
4096
4096
32767
256
4096
2024
0
0
0
32767
4096
1
5
-96
-85
-70
-9
0
-96
-96
-70
-9
-7
50
1000
1
-2
0
-80
1
200



1
0
1
2
1
1036
0
0
0
0
50
0
0
26
4096
4096
32767
256
4096
2024
0
0
0
32767
4096
1
5
-96
-85
-70
-9
0
-96
-96
-70
-9
-7
50
1000
1
-2
0
-80
1
200



1
0
1
6
1
1036
0
0
0
0
50
0
0
26
4096
4096
32767
256
4096
2024
0
0
0
32767
4096
1
5
-96
-85
-70
-9
0
-96
-96
-70
-9
-7
50
1000
1
-2
0
-80
1
200



1
0
1
10
1
1036
0
0
0
0
50
0
0
26
4096
4096
32767
256
4096
2024
0
0
0
32767
4096
1
5
-96
-85
-70
-9
0
-96
-96
-70
-9
-7
50
1000
1
-2
0
-80
1
200



0
64
496
0
0
0
0
0
0
0
0
0
0
0
0
0
0
0
0
0
0
0
0
0
0
0
0
0
0
0
0
0
0
0
0
0
0
0
0
0
0
0
0
0
0
0
0
0
0
0
0
0
0
0
0
0
0
0
0
0
0
0
0
0
0
0
