342
7
2

26
0
6


1
0
1
-17
1
8230
0
0
0
0
50
0
0
26
4096
4096
32767
256
4096
2024
0
0
0
32767
4096
1
5
-96
-85
-75
-7
0
-96
-96
-75
-7
0
50
1000
1
-5
0
-85
1
200



1
0
1
-11
1
8230
0
0
0
0
50
0
0
26
4096
4096
32767
256
4096
2024
0
0
0
32767
4096
1
5
-96
-85
-75
-7
0
-96
-96
-75
-7
0
50
1000
1
-5
0
-85
1
200



1
0
1
-7
1
8230
0
0
0
0
50
0
0
26
4096
4096
32767
256
4096
2024
0
0
0
32767
4096
1
5
-96
-85
-75
-7
0
-96
-96
-75
-7
0
50
1000
1
-5
0
-85
1
200



1
0
1
-3
1
8230
0
0
0
0
50
0
0
26
4096
4096
32767
256
4096
2024
0
0
0
32767
4096
1
5
-96
-85
-75
-7
0
-96
-96
-75
-7
0
50
1000
1
-5
0
-85
1
200



1
0
1
1
1
8230
0
0
0
0
50
0
0
26
4096
4096
32767
256
4096
2024
0
0
0
32767
4096
1
5
-96
-85
-75
-9
0
-96
-96
-75
-9
0
50
1000
1
-5
0
-85
1
200



1
0
1
5
1
8230
0
0
0
0
50
0
0
26
4096
4096
32767
256
4096
2024
0
0
0
32767
4096
1
5
-96
-80
-75
-9
0
-96
-96
-75
-9
-4
50
1000
1
0
0
-85
1
200



1
32
3698
52
534
-177
-238
160
120
-44
0
36
0
-10
-13
-21
-10
-1
-5
-3
6
7
2
2
2
0
-1
0
0
0
0
0
0
0
0
0
0
0
0
0
0
0
0
0
0
0
0
0
0
0
0
0
0
0
0
0
0
0
0
0
0
0
0
0
0
0
