342
7
2

30000
0
6


0
0
1
0
1
10922
0
0
0
1
50
0
0
26
4096
4096
32767
256
4096
2024
0
0
0
32767
4096
0
5
-78
-54
-24
-6
0
-78
-30
-12
-6
0
1000
50
0
0
0
-90
0
100



0
0
1
0
1
10922
0
0
0
1
50
0
0
26
4096
4096
32767
256
4096
2024
0
0
0
32767
4096
0
5
-78
-54
-24
-6
0
-78
-30
-12
-6
0
1000
50
0
0
0
-90
0
100



0
0
1
0
1
10922
0
0
0
1
50
0
0
26
4096
4096
32767
256
4096
2024
0
0
0
32767
4096
0
5
-78
-54
-24
-6
0
-78
-30
-12
-6
0
1000
50
0
0
0
-90
0
100


0
0
1
0
1
10922
0
0
0
1
50
0
0
26
4096
4096
32767
256
4096
2024
0
0
0
32767
4096
0
5
-78
-54
-24
-6
0
-78
-30
-12
-6
0
1000
50
0
0
0
-90
0
100


0
0
1
0
1
10922
0
0
0
1
50
0
0
26
4096
4096
32767
256
4096
2024
0
0
0
32767
4096
0
5
-78
-54
-24
-6
0
-78
-30
-12
-6
0
1000
50
0
0
0
-90
0
100


0
0
1
0
1
8230
0
0
0
0
50
0
0
26
4096
4096
32767
256
4096
2024
0
0
0
32767
4096
0
5
-92
-65
-64
-3
0
-92
-92
-64
-3
0
1000
50
0
0
0
-90
0
250


0
32
4096
0
0
0
0
0
0
0
0
0
0
0
0
0
0
0
0
0
0
0
0
0
0
0
0
0
0
0
0
0
0
0
0
0
0
0
0
0
0
0
0
0
0
0
0
0
0
0
0
0
0
0
0
0
0
0
0
0
0
0
0
0
0
0
