342
7
2

20004
1
6


1
0
1
-20
1
8230
0
0
0
0
50
0
0
26
4096
4096
32767
256
4096
2024
0
0
0
32767
4096
1
5
-96
-85
-75
-6
0
-96
-96
-75
-6
0
50
1000
1
-17
1
-85
1
200



1
0
1
-16
1
8230
0
0
0
0
50
0
0
26
4096
4096
32767
256
4096
2024
0
0
0
32767
4096
1
5
-96
-85
-75
-6
0
-96
-96
-75
-6
0
50
1000
1
-12
1
-85
1
200



1
0
1
-12
1
8230
0
0
0
0
50
0
0
26
4096
4096
32767
256
4096
2024
0
0
0
32767
4096
1
5
-96
-85
-75
-6
0
-96
-96
-75
-6
0
50
1000
1
-8
1
-85
1
200


1
0
1
-8
1
8230
0
0
0
0
50
0
0
26
4096
4096
32767
256
4096
2024
0
0
0
32767
4096
1
5
-96
-85
-75
-6
0
-96
-96
-75
-6
0
50
1000
1
-4
1
-85
1
200


1
0
1
-4
1
8230
0
0
0
0
50
0
0
26
4096
4096
32767
256
4096
2024
0
0
0
32767
4096
1
5
-96
-85
-75
-6
0
-96
-96
-75
-6
0
50
1000
1
-1
1
-85
1
200


1
0
1
0
1
8230
0
0
0
0
50
0
0
26
4096
4096
32767
256
4096
2024
0
0
0
32767
4096
1
5
-96
-85
-75
-5
0
-96
-96
-75
-5
-5
50
1000
1
-4
1
-85
1
200


1
64
4045
-27
131
258
289
217
84
-50
-138
-164
-141
-101
-69
-60
-70
-84
-91
-84
-66
-42
-20
-2
10
20
29
36
40
41
39
34
30
26
24
22
20
15
9
2
-3
-7
-9
-10
-10
-10
-9
-9
-8
-7
-5
-4
-2
-1
0
0
0
1
0
0
0
0
0
0
0
0