342
7
2

28
0
6


1
0
1
-19
1
8230
0
0
0
0
50
0
0
26
4096
4096
32767
256
4096
2024
0
0
0
32767
4096
1
5
-96
-85
-75
-7
0
-96
-96
-75
-7
0
50
1000
1
-5
1
-85
1
200



1
0
1
-15
1
8230
0
0
0
0
50
0
0
26
4096
4096
32767
256
4096
2024
0
0
0
32767
4096
1
5
-96
-85
-75
-7
0
-96
-96
-75
-7
0
50
1000
1
-5
1
-85
1
200



1
0
1
-11
1
8230
0
0
0
0
50
0
0
26
4096
4096
32767
256
4096
2024
0
0
0
32767
4096
1
5
-96
-85
-75
-7
0
-96
-96
-75
-7
0
50
1000
1
-5
1
-85
1
200



1
0
1
-7
1
8230
0
0
0
0
50
0
0
26
4096
4096
32767
256
4096
2024
0
0
0
32767
4096
1
5
-96
-85
-75
-7
0
-96
-96
-75
-7
0
50
1000
1
-5
1
-85
1
200



1
0
1
-3
1
8230
0
0
0
0
50
0
0
26
4096
4096
32767
256
4096
2024
0
0
0
32767
4096
1
5
-96
-85
-75
-7
0
-96
-96
-75
-7
0
50
1000
1
-5
1
-85
1
200



1
0
1
1
1
8230
0
0
0
0
50
0
0
26
4096
4096
32767
256
4096
2024
0
0
0
32767
4096
1
5
-96
-80
-75
-7
0
-96
-96
-75
-7
-7
50
1000
1
0
1
-85
1
200



1
32
4088
5
46
73
68
33
-13
-50
-64
-55
-34
-15
-4
-4
-7
-9
-6
0
7
12
12
9
5
2
0
0
0
0
0
0
0
0
0
0
0
0
0
0
0
0
0
0
0
0
0
0
0
0
0
0
0
0
0
0
0
0
0
0
0
0
0
0
0
0
