342
7
2

20016
1
6


1
0
1
-15
1
10922
0
0
0
1
50
0
0
26
4096
4096
32767
256
4096
2024
0
0
0
32767
4096
0
5
-78
-54
-24
-6
0
-78
-30
-12
-6
0
1000
50
0
0
0
-90
0
100



1
0
1
-11
1
10922
0
0
0
1
50
0
0
26
4096
4096
32767
256
4096
2024
0
0
0
32767
4096
0
5
-78
-54
-24
-6
0
-78
-30
-12
-6
0
1000
50
0
0
0
-90
0
100



1
0
1
-7
1
10922
0
0
0
1
50
0
0
26
4096
4096
32767
256
4096
2024
0
0
0
32767
4096
0
5
-78
-54
-24
-6
0
-78
-30
-12
-6
0
1000
50
0
0
0
-90
0
100


1
0
1
-3
1
10922
0
0
0
1
50
0
0
26
4096
4096
32767
256
4096
2024
0
0
0
32767
4096
0
5
-78
-54
-24
-6
0
-78
-30
-12
-6
0
1000
50
0
0
0
-90
0
100


1
0
1
1
1
10922
0
0
0
1
50
0
0
26
4096
4096
32767
256
4096
2024
0
0
0
32767
4096
0
5
-78
-54
-24
-6
0
-78
-30
-12
-6
0
1000
50
0
0
0
-90
0
100


1
0
1
5
0
8230
0
0
0
0
50
0
0
26
4096
4096
32767
256
4096
2024
0
0
0
32767
4096
1
5
-92
-65
-32
-6
0
-92
-65
-32
-6
-6
1000
50
1
-6
0
-90
1
400


1
64
4163
57
-92
-173
-132
-17
79
98
42
-27
-54
-23
33
73
69
34
-1
-14
-2
19
29
20
0
-16
-20
-14
-4
0
-4
-11
-15
-13
-8
-2
0
0
-1
-1
0
1
3
3
2
1
1
1
1
1
1
0
0
0
0
0
0
0
0
0
0
0
0
0
0
0
