207
7
3

26
0

1
0
0
10
1
15
1
250
1
31
0
8192
2048
0
96
8192
4096
80
8192
1024
1
767
2000
1000
256
128
96
2000
600
2800
16384
128
512
768
400
16384
16384
1
8000
32
64
64
16800
512
0
2549
14
0
8192
8192
2048
40
2048
1568
40
2048
1568
1
776
32
1024
800
32
1024
800
1
776
1
32767
8192
23062
-11398
-2622
4704
8698
8807
4494
835
481
209
6655
7358
-1669
4806
-598
-880
16
655
1024
16
1638
181
10
16384
10000
16000
5000
128
9830
16384
6554
6554
9830
512
12288
10240
400
230
26213
0
7
16384
256
4096
12055
32442
23170
4096
0
0
1
5
-96
-75
-65
-16
0
-96
-96
-65
-16
-16
50
1000
0
-18
1
32
5403							
-220							
-1869							
255						
615							
83								
18						
-190						
-110							
49						
50						
62					
-8						
-45						
-8						
-9					
13					
26					
-9					
-10					
4					
-3					
-3					
5					
4						
-2						
-2						
0						
1						
0						
0						
0						
0
0
0
0
0
0
0
0
0
0
0
0
0
0
0
0
0
0
0
0
0
0
0
0
0
0
0
0
0
0
0
0