207
7
3

27
1

1
0
0
6
1
12
1
250
1
159
0
8192
2048
0
96
8192
4096
80
8192
1024
2
767
5000
4000
512
256
128
5000
280
8192
16384
512
512
768
150
16384
16384
1
6000
32
64
64
16728
800
0
2549
14
0
8192
8192
2048
40
2048
1568
40
2048
1568
1
776
32
1024
800
32
1024
800
1
776
1
32767
8192
23062
-11398
-2622
4704
8698
8807
4494
835
481
209
6655
7358
-1669
4806
-598
-880
16
655
1024
16
1638
181
10
16384
10000
16000
5000
128
9830
16384
6554
6554
9830
512
12288
10240
400
230
26213
0
7
16384
256
4096
12055
32442
23170
4096
0
0
1
5
-96
-85
-75
-15
0
-96
-96
-75
-15
0
50
1000
0
-15
0
64
4025								
-164			
182						
290							
-246							
-161						
233							
11						
-142						
57				
47		
-53	
5		
24	
-18		
-1	
11		
-6	
-2	
4	
-1	
-1	
1	
0	
0	
0
0
0
0
0
0
0
0
0
0
0
0
0
0
0
0
0
0
0
0
0
0
0
0
0
0
0
0
0
0
0
0
0
0
0
0
0
0
0
