207
7
3

20001
1

1
0
0
20
1
2
1
250
1
191
0
8192
2048
0
80
8192
2048
64
8192
800
1
767
4000
3000
480
200
200
4000
280
8230
16384
256
512
768
150
16384
16384
128
1
32
128
128
16600
1
0
2549
14
0
8192
8192
2048
40
2048
1568
40
2048
1568
1
776
32
1024
800
32
1024
800
1
776
1
32767
8192
23062
-11398
-2622
4704
8698
8807
4494
835
481
209
6655
7358
-1669
4806
-598
-880
16
655
1024
16
1638
181
10
16384
10000
16000
5000
128
9830
16384
6554
6554
9830
512
12288
10240
400
230
26213
0
7
16384
256
4096
12055
32442
23170
4096
0
0
0
5
-92
-78
-24
-4
0
-92
-78
-24
-4
-4
1000
50
0
-4
0
64
4096
0
0
0
0
0
0
0
0
0
0
0
0
0
0
0
0
0
0
0
0
0
0
0
0
0
0
0
0
0
0
0
0
0
0
0
0
0
0
0
0
0
0
0
0
0
0
0
0
0
0
0
0
0
0
0
0
0
0
0
0
0
0
0
