207
7
3

17
0

1
0
1
140
1
10

1
200
1
159
0
8192
2048
0
200
8192
2048
128
8192
800
1
767
21000
8000
800
384
128
13000
600
7336
16384
700
512
768
400
16384
16384
1
10000
32
64
64
16670
1024
0
2549
14
0
8192
8192
2048
40
2048
1568
40
2048
1568
1
776
32
1024
800
32
1024
800
1
776
1
32767
8192
23062
-11398
-2622
4704
8698
8807
4494
835
481
209
6655
7358
-1669
4806
-598
-880
16
655
1024
16
1638
181
10
16384
10000
16000
5000
128
9830
16384
6554
6554
9830
512
12288
10240
400
230
26213
0
7
16384
256
4096
12055
32442
23170
4096
0
0
1
5
-96
-80
-72
-3
0
-96
-96
-72
-3
-3
50
1000
0
-8
0
32
4096
0
0
0
0
0
0
0
0
0
0
0
0
0
0
0
0
0
0
0
0
0
0
0
0
0
0
0
0
0
0
0
0
0
0
0
0
0
0
0
0
0
0
0
0
0
0
0
0
0
0
0
0
0
0
0
0
0
0
0
0
0
0
0
