207
7
3

2
0

1
0
0
6
1
13
1
200
1
159
0
8192
2048
0
96
8192
4096
80
8192
1024
2
767
18000
16000
512
256
250
16000
280
3300
16384
512
512
768
150
16384
16384
1
6000
32
64
64
16728
800
0
2549
14
0
8192
8192
2048
40
2048
1568
40
2048
1568
1
776
32
1024
800
32
1024
800
1
776
1
32767
8192
23062
-11398
-2622
4704
8698
8807
4494
835
481
209
6655
7358
-1669
4806
-598
-880
16
655
1024
16
1638
181
10
16384
10000
16000
5000
128
9830
16384
6554
6554
9830
512
12288
10240
400
230
26213
0
7
16384
256
4096
12055
32442
23170
4096
0
0
1
5
-96
-80
-65
-10
0
-96
-90
-65
-10
-10
50
1000
0
-15
1
32
5429
300
-2033
-969
183
310
414
445
249
37
-61
-97
-97
-28
26
22
27
14
-23
-27
-13
-14
-12
1
5
0
-1
0
1
0
0
0
0
0
0
0
0
0
0
0
0
0
0
0
0
0
0
0
0
0
0
0
0
0
0
0
0
0
0
0
0
0
0
0
