207
7
3

4
1

1
0
1
10
1
10
1
200
1
191
0
8192	
2048
0
128
8192
1024
80
8192
800
1
776
3000
2000
390
220	
256
3000
280
8230
16384
128
512
768
150
16384
16384
1
7000
32
64
128
16670
600
0
2549
14
0
8192
8192
2048
40
2048
1568
40
2048
1568
1
776
32
1024
800
32
1024
800
1
776
1
32767
8192
23062
-11398
-2622
4704
8698
8807
4494
835
481
209
6655
7358
-1669
4806
-598
-880
16
655
1024
16
1638
181
10
16384
10000
16000
5000
128
9830
16384
6554
6554
9830
512
12288
10240
400
230
26213
0
7
16384
256
4096
12055
32442
23170
4096
0
0
1
5
-96
-85
-75
-6
0
-96
-96
-75
-6
0
50
1000
1
-9
1
64
4049
-84
-64
-41
-18
0
12
18
17
12
6
1
-1
0
4
11
19
27
33
35
34
30
23
15
8
2
-2
-5
-6
-6
-5
-3
-3
-2
-2
-3
-4
-4
-5
-5
-4
-4
-3
-2
0
0
0
0
0
0
0
0
0
0
0
0
0
0
0
0
0
0
0
0