191
4
3

2
1

1
0
0
110
1
10
1
150
1
63
0
4096
4096
0
96
8192
256
64
8192
256
2
767
16000
14000
768
512
512
16000
280
1000
7000
156  //128
512
512
150
28000
16384
1
1
64
64
64
16800
4096
0
2549
14
0
8192
8192
2048
40
2048
1568
40
2048
1568
1
776
32
1024
800
32
1024
800
1
776
1
32767
8192
23062
-11398
-2622
4704
8698
8807
4494
835
481
209
6655
7358
-1669
4806
-598
-880
16
655
1024
16
1638
181
10
16384
10000
16000
5000
128
9830
16384
6554
6554
9830
512
12288
10240
400
230
26213
0
7
16384
256
4096
12055
32442
23170
4096
0
0
1
64
3698
558
695
-501
65
122
-397
-171
-77
-221
-65
48
38
117
159
124
106
70
7
-37
-70
-94
-94
-77
-51
-17
15
40
55
58
50
35
15
-3
-19
-29
-32
-29
-21
-11
0
7
13
15
13
10
6
1
-2
-4
-5
-4
-3
-2
0
0
0
0
0
0
0
0
0
0