191
4
3

8
1

1
0
0
110
1
7
1
150
1
63
0
8192
2048
0
96
2048
256
128
2048
256
2
767
21000
16000
640
256
640
21000
280
1000
7000
160
512
512
150
28000
16384
1
1
64
64
64
16800
4096
0
2549
14
0
8192
8192
2048
40
2048
1568
40
2048
1568
1
776
32
1024
800
32
1024
800
1
776
1
32767
8192
23062
-11398
-2622
4704
8698
8807
4494
835
481
209
6655
7358
-1669
4806
-598
-880
16
655
1024
16
1638
181
10
16384
10000
16000
5000
128
9830
16384
6554
6554
9830
512
12288
10240
400
230
26213
0
7
16384
256
4096
12055
32442
23170
4096
0
0
0
64
2616
1584
259
-885
-689
-884
-335
-255
156
111
304
185
233
104
108
4
28
-49
-8
-51
-15
-41
13
-5
31
6
36
9
30
5
26
7
25
3
12
-10
-1
-12
7
5
21
13
19
8
14
10
18
14
18
11
9
2
2
0
1
0
2
1
1
0
0
0
0
0
