342
7
2

4
1
6



1
0
1
-22
1
10362
0
0
0
0
100
0
0
26
4096
4096
32767
2049
2048
2048
0
0
0
32767
4096
0
5
-72
-55
-45
-3
0
-72
-55
-45
-3
-3
50
400
0
0
0
-90
0
100



1
0
1
-18
1
10362
0
0
0
0
100
0
0
26
4096
4096
32767
2049
2048
2048
0
0
0
32767
4096
0
5
-72
-55
-45
-3
0
-72
-55
-45
-3
-3
50
400
0
0
0
-90
0
100



1
0
1
-15
1
10362
0
0
0
0
100
0
0
26
4096
4096
32767
2049
2048
2048
0
0
0
32767
4096
0
5
-72
-55
-45
-3
0
-72
-55
-45
-3
-3
50
400
0
0
0
-90
0
100



1
0
1
-12
1
10362
0
0
0
0
100
0
0
26
4096
4096
32767
2049
2048
2048
0
0
0
32767
4096
0
5
-72
-55
-45
-3
0
-72
-55
-45
-3
-3
50
400
0
0
0
-90
0
100



1
0
1
-9
1
10362
0
0
0
0
100
0
0
26
4096
4096
32767
2049
2048
2048
0
0
0
32767
4096
0
5
-72
-55
-45
-3
0
-72
-55
-45
-3
-3
50
400
0
0
0
-90
0
100



1
0
1
-6
1
10362
0
0
0
0
375
0
0
26
4096
4096
32767
2049
2048
2048
0
0
0
32767
4096
0
5
-72
-55
-45
-3
0
-72
-55
-45
-3
-3
50
400
0
0
0
-90
0
100



0
32
-8
6
-1
-3
2
5
-14
18
-9
-7
18
-2
-54
148
-256
342
3720
342
-255
148
-55
-2
18
-7
-10
18
-14
5
3
-3
-1
0
0
0
0
0
0
0
0
0
0
0
0
0
0
0
0
0
0
0
0
0
0
0
0
0
0
0
0
0
0
0
0
0								