342																			
7
2

32
1
6



1
0
1
0
1
8230
0
0
0
1
200
0
0
26
4096
4096
32767
256
4096
2024
0
0
0
32767
4096
0
5
-78		
-54		
-24		
-6		
0		
-78		
-54		
-24		
-6		
0		
50		
400		
0
-6
0
-90
0
100



1
0
1
0
1
8230
0
0
0
0
250
0
0
26
4096
4096
32767
256
4096
2024
0
0
0
32767
4096
0
5
-78		
-54		
-24		
-6		
0		
-78		
-54		
-24		
-6		
0		
50		
400		
0
-6
0
-90
0
100



1
0
1
0
1
8230
0
0
0
0
250
0
0
26
4096
4096
32767
256
4096
2024
0
0
0
32767
4096
0
5
-78		
-54		
-24		
-6		
0		
-78		
-54		
-24		
-6		
0		
50		
400		
0
-6
0
-90
0
100



1
0
1
0
1
8230
0
0
0
0
250
0
0
26
4096
4096
32767
256
4096
2024
0
0
0
32767
4096
0
5
-78		
-54		
-24		
-6		
0		
-78		
-54		
-24		
-6		
0		
50		
400		
0
-6
0
-90
0
100



1
0
1
0
1
8230
0
0
0
0
250
0
0
26
4096
4096
32767
256
4096
2024
0
0
0
32767
4096
0
5
-78		
-54		
-24		
-6		
0		
-78		
-54		
-24		
-6		
0		
50		
400		
0
-6
0
-90
0
100



1
0
1
0
1
8230
0
0
0
0
250
0
0
26
4096
4096
32767
256
4096
2024
0
0
0
32767
4096
0
5
-78		
-54		
-24		
-6		
0		
-78		
-54		
-24		
-6		
0		
50		
400		
0
-6
0
-90
0
100



0
32
4096
0
0
0
0
0
0
0
0
0
0
0
0
0
0
0
0
0
0
0
0
0
0
0
0
0
0
0
0
0
0
0
0
0
0
0
0
0
0
0
0
0
0
0
0
0
0
0
0
0
0
0
0
0
0
0
0
0
0
0
0
0
0
0