207
7
3

2
1

1								
0
0
240
1
10
1
300
1
63
0
2909
5772
0
128
8192
1920
128
8192
640
2
767
10240
5120
512
224
256
10240
280
6537						
5120						
512
512
768
150
16384
16384
1
8000
32
64
64
16800
4096
0
2549
14
0
8192
8192
2048
40
2048
1568
40
2048
1568
1
776
32
1024
800
32
1024
800
1
776
1
32767
8192
23062
-11398
-2622
4704
8698
8807
4494
835
481
209
6655
7358
-1669
4806
-598
-880
16
655
1024
16
1638
181
10
16384
10000
16000
5000
128
9830
16384
6554
6554
9830
512
12288
10240
400
230
26213
0
7
16384
256
4096
12055
32442
23170
4096
0
0
0
5
-72
-55
-54
-12
0
-72
-72
-54
-12
0
50
50
0
0
1
32
783
1973
783
413
77
-89
-105
-67
-21
18
44
39
12
-14
-22
-17
-5
4
11
10
5
-2
-4
-5
-4
-2
1
3
1
0
0
-3
0
0
0
0
0
0
0
0
0
0
0
0
0
0
0
0
0
0
0
0
0
0
0
0
0
0
0
0
0
0
0
0
