342
7
2

2
1
6



1
0
1
-14
1
10362
0
0
0
0
100
0
0
26
1024
20000
23198
256
2048
512
12055
32604
32441
28000
1024
1
5
-72
-55
-45
-3
0
-72
-55
-45
-3
-3
50
400
0
-6
0
-90
0
100



1
0
1
-11
1
10362
0
0
0
0
100
0
0
26
1024
20000
23198
256
2048
512
12055
32604
32441
28000
1024
1
5
-72
-55
-45
-3
0
-72
-55
-45
-3
-3
50
400
0
-6
0
-90
0
100



1
0
1
-8
1
10362
0
0
0
0
300
0
0
26
1024
20000
23198
256
2048
512
12055
32604
32441
28000
1024
1
5
-72
-55
-45
-3
0
-72
-55
-45
-3
-3
50
400
0
-6
0
-90
0
100



1
0
1
-5
1
10362
0
0
0
0
300
0
0
26
1024
20000
23198
256
2048
512
12055
32604
32441
28000
1024
1
5
-72
-55
-45
-3
0
-72
-55
-45
-3
-3
50
400
0
-6
0
-90
0
100



1
0
1
-2
1
10362
0
0
0
0
300
0
0
26
1024
20000
23198
256
2048
512
12055
32604
32441
28000
1024
1
5
-72
-55
-45
-3
0
-72
-55
-45
-3
-3
50
400
0
-6
0
-90
0
100



1
0
1
1
1
10362
0
0
0
0
375
0
0
26
1024
20000
23198
256
2048
512
12055
32604
32441
28000
1024
1
5
-72
-55
-45
-3
0
-72
-55
-45
-3
-3
50
400
0
-6
0
-90
0
100



1
32
2030
1332
139
-395
-223
74
133
47
39
130
163
57
-93
-150
-109
-85
-114
-119
-62
-3
19
24
36
56
54
38
21
14
16
14
6
-4
0
0
0
0
0
0
0
0
0
0
0
0
0
0
0
0
0
0
0
0
0
0
0
0
0
0
0
0
0
0
0
0