342
7
2

8
1
6



1
0
1
-10
1
10362
0
0
0
0
100
0
0
26
1024
20000
23198
256
2048
512
12055
32604
32441
28000
1024
0
5
-72
-55
-45
-3
0
-72
-55
-45
-3
-3
50
400
0
0
0
-90
0
100



1
0
1
-7
1
10362
0
0
0
0
100
0
0
26
1024
20000
23198
256
2048
512
12055
32604
32441
28000
1024
0
5
-72
-55
-45
-3
0
-72
-55
-45
-3
-3
50
400
0
0
0
-90
0
100



1
0
1
-4
1
10362
0
0
0
0
100
0
0
26
1024
20000
23198
256
2048
512
12055
32604
32441
28000
1024
0
5
-72
-55
-45
-3
0
-72
-55
-45
-3
-3
50
400
0
0
0
-90
0
100



1
0
1
-1
1
10362
0
0
0
0
100
0
0
26
1024
20000
23198
256
2048
512
12055
32604
32441
28000
1024
0
5
-72
-55
-45
-3
0
-72
-55
-45
-3
-3
50
400
0
0
0
-90
0
100



1
0
1
2
1
10362
0
0
0
0
100
0
0
26
1024
20000
23198
256
2048
512
12055
32604
32441
28000
1024
0
5
-72
-55
-45
-3
0
-72
-55
-45
-3
-3
50
400
0
0
0
-90
0
100



1
0
1
5
1
10362
0
0
0
0
375
0
0
26
1024
20000
23198
256
2048
512
12055
32604
32441
28000
1024
0
5
-72
-55
-45
-3
0
-72
-55
-45
-3
-3
50
400
0
0
0
-90
0
100



1
32
3025
924
-561
159
110
-177
94
22
-84
68
-12
-29
33
-13
-7
12
-5
-1
1
3
-4
1
3
-3
0
3
-3
1
0
0
-1
1
0
0
0
0
0
0
0
0
0
0
0
0
0
0
0
0
0
0
0
0
0
0
0
0
0
0
0
0
0
0
0
0