207
7
3

2
1

1
0
0
280
1
9
0
300
1
63
0
4096
4096
0
128
8192
1024
80
8192
800
2
776
8000
6000
512
256
256
8000
280
8230
16384
512
400
768
150
14000
16384
1
18000
32
64
64
16800
1024
0
2549
14
0
8192
8192
2048
40
2048
1568
40
2048
1568
1
776
32
1024
800
32
1024
800
1
776
1
32767
8192
23062
-11398
-2622
4704
8698
8807
4494
835
481
209
6655
7358
-1669
4806
-598
-880
16
655
1024
16
1638
181
10
16384
10000
16000
5000
128
9830
16384
6554
6554
9830
512
12288
10240
400
230
26213
0
7
16384
256
4096
12055
32442
23170
4096
0
0
0
5
-72
-55
-54
-12
0
-72
-72
-54
-12
0
50
50
0
0
0
32
1945
1548
431
108
37
1
8
-5
5
-5
4
-4
3
-3
3
-2
2
-2
1
-1
1
-1
0
0
0
0
0
0
0
0
0
0
0
0
0
0
0
0
0
0
0
0
0
0
0
0
0
0
0
0
0
0
0
0
0
0
0
0
0
0
0
0
0
0
