342
7
2

2
1
6



0         
0         
0         
3         
0         
8192      
0         
0         
0         
0         
375       
0         
0         
26        
1024      
20000     
23198     
256       
2048      
512       
12055     
32604     
32441     
28000     
1024      
0
5
-72
-55
-45
-3
0
-72
-55
-45
-3
-3
50
400
0
-6
0
-90
0
100



0         
0         
0         
3         
0         
8192      
0         
0         
0         
0         
375       
0         
0         
26        
1024      
20000     
23198     
256       
2048      
512       
12055     
32604     
32441     
28000     
1024      
0
5
-72
-55
-45
-3
0
-72
-55
-45
-3
-3
50
400
0
-6
0
-90
0
100



0         
0         
0         
3         
0         
8192      
0         
0         
0         
0         
375       
0         
0         
26        
1024      
20000     
23198     
256       
2048      
512       
12055     
32604     
32441     
28000     
1024      
0
5
-72
-55
-45
-3
0
-72
-55
-45
-3
-3
50
400
0
-6
0
-90
0
100



0         
0         
0         
3         
0         
8192      
0         
0         
0         
0         
375       
0         
0         
26        
1024      
20000     
23198     
256       
2048      
512       
12055     
32604     
32441     
28000     
1024      
0
5
-72
-55
-45
-3
0
-72
-55
-45
-3
-3
50
400
0
-6
0
-90
0
100



0         
0         
0         
3         
0         
8192      
0         
0         
0         
0         
375       
0         
0         
26        
1024      
20000     
23198     
256       
2048      
512       
12055     
32604     
32441     
28000     
1024      
0
5
-72
-55
-45
-3
0
-72
-55
-45
-3
-3
50
400
0
-6
0
-90
0
100



0         
0         
0         
3         
0         
8192      
0         
0         
0         
0         
375       
0         
0         
26        
1024      
20000     
23198     
256       
2048      
512       
12055     
32604     
32441     
28000     
1024      
0
5
-72
-55
-45
-3
0
-72
-55
-45
-3
-3
50
400
0
-6
0
-90
0
100



0
32
2792
1886
-770
75
303
-294
151
38
-89
107
-20
-21
70
-36
-30
37
-22
16
16
-41
6
8
-16
17
11
-9
7
2
-10
7
-3
-7
0
0
0
0
0
0
0
0
0
0
0
0
0
0
0
0
0
0
0
0
0
0
0
0
0
0
0
0
0
0
0
0