342
7
2

1
1
6


1
0
1
6
1
10362
0
0
0
0
100
0
0
26
4096
4096
32767
256
4096
2024
0
0
0
32767
4096
1
5
-72
-30
-17
-5
0
-72
-30
-17
-9
-6
50
400
0
-3
0
-90
0
100


1
0
1
6
1
10362
0
0
0
0
100
0
0
26
4096
4096
32767
256
4096
2024
0
0
0
32767
4096
1
5
-72
-30
-17
-5
0
-72
-30
-17
-9
-6
50
400
0
-3
0
-90
0
100


1
0
1
6
1
10362
0
0
0
0
100
0
0
26
4096
4096
32767
256
4096
2024
0
0
0
32767
4096
1
5
-72
-30
-17
-5
0
-72
-30
-17
-9
-6
50
400
0
-3
0
-90
0
100


1
0
1
6
1
10362
0
0
0
0
100
0
0
26
4096
4096
32767
256
4096
2024
0
0
0
32767
4096
1
5
-72
-30
-17
-5
0
-72
-30
-17
-9
-6
50
400
0
-3
0
-90
0
100


1
0
1
6
1
10362
0
0
0
0
100
0
0
26
4096
4096
32767
256
4096
2024
0
0
0
32767
4096
1
5
-72
-30
-17
-5
0
-72
-30
-17
-9
-6
50
400
0
-3
0
-90
0
100


1
0
1
6
1
10362
0
0
0
0
100
0
0
26
4096
4096
32767
256
4096
2024
0
0
0
32767
4096
1
5
-72
-30
-17
-5
0
-72
-30
-17
-9
-6
50
400
0
-3
0
-90
0
100


0
32
4096
0
0
0
0
0
0
0
0
0
0
0
0
0
0
0
0
0
0
0
0
0
0
0
0
0
0
0
0
0
0
0
0
0
0
0
0
0
0
0
0
0
0
0
0
0
0
0
0
0
0
0
0
0
0
0
0
0
0
0
0
0
0
0
