342
7
2

8
1
6



1
0
1
-19
1
10362
0
0
0
0
100
0
0
26
4096	
4096	
32767	
256	
2048	
512	
0	
0	
0	
32767	
4096	
0
5
-72
-55
-45
-3
0
-72
-55
-45
-3
-3
50
400
0
0
0
-90
0
100



1
0
1
-15
1
10362
0
0
0
0
100
0
0
26
4096	
4096	
32767	
256	
2048	
512	
0	
0	
0	
32767	
4096	
0
5
-72
-55
-45
-3
0
-72
-55
-45
-3
-3
50
400
0
0
0
-90
0
100



1
0
1
-12
1
10362
0
0
0
0
100
0
0
26
4096	
4096	
32767	
256	
2048	
512	
0	
0	
0	
32767	
4096	
0
5
-72
-55
-45
-3
0
-72
-55
-45
-3
-3
50
400
0
0
0
-90
0
100



1
0
1
-9
1
10362
0
0
0
0
100
0
0
26
4096	
4096	
32767	
256	
2048	
512	
0	
0	
0	
32767	
4096	
0
5
-72
-55
-45
-3
0
-72
-55
-45
-3
-3
50
400
0
0
0
-90
0
100



1
0
1
-6
1
10362
0
0
0
0
100
0
0
26
4096	
4096	
32767	
256	
2048	
512	
0	
0	
0	
32767	
4096	
0
5
-72
-55
-45
-3
0
-72
-55
-45
-3
-3
50
400
0
0
0
-90
0
100



1
0
1
-3
1
10362
0
0
0
0
100
0
0
26
4096	
4096	
32767	
256	
2048	
512	
0	
0	
0	
32767	
4096	
0
5
-72
-55
-45
-3
0
-72
-55
-45
-3
-3
50
400
0
0
0
-90
0
100



0
32	
4096	
0	
0	
0	
0	
0	
0	
0	
0	
0	
0	
0	
0	
0	
0	
0	
0	
0	
0	
0	
0	
0	
0	
0	
0	
0	
0	
0	
0	
0	
0	
0	
0	
0	
0	
0	
0	
0	
0	
0	
0	
0	
0	
0	
0	
0	
0	
0	
0	
0	
0	
0	
0	
0	
0	
0	
0	
0	
0	
0	
0	
0	
0	
0	