342
7
2

1
1
6



1
0
1
-18
1
10362
0
0
0
0
100
0
0
26
1024
20000
23198
256
2048
512
12055
32604
32441
28000
1024
0
5
-72
-55
-45
-3
0
-72
-55
-45
-3
-3
50
400
0
0
0
-90
0
100



1
0
1
-15
1
10362
0
0
0
0
100
0
0
26
1024
20000
23198
256
2048
512
12055
32604
32441
28000
1024
0
5
-72
-55
-45
-3
0
-72
-55
-45
-3
-3
50
400
0
0
0
-90
0
100



1
0
1
-12
1
10362
0
0
0
0
100
0
0
26
1024
20000
23198
256
2048
512
12055
32604
32441
28000
1024
0
5
-72
-55
-45
-3
0
-72
-55
-45
-3
-3
50
400
0
0
0
-90
0
100



1
0
1
-9
1
10362
0
0
0
0
100
0
0
26
1024
20000
23198
256
2048
512
12055
32604
32441
28000
1024
0
5
-72
-55
-45
-3
0
-72
-55
-45
-3
-3
50
400
0
0
0
-90
0
100



1
0
1
-6
1
10362
0
0
0
0
100
0
0
26
1024
20000
23198
256
2048
512
12055
32604
32441
28000
1024
0
5
-72
-55
-45
-3
0
-72
-55
-45
-3
-3
50
400
0
0
0
-90
0
100



1
0
1
-3
1
10362
0
0
0
0
100
0
0
26
1024
20000
23198
256
2048
512
12055
32604
32441
28000
1024
0
5
-72
-55
-45
-3
0
-72
-55
-45
-3
-3
50
400
0
0
0
-90
0
100



1
32
102
74
-44
4
107
68
-25
-121
-279
-160
290
404
-18
-204
-5
3
3980
2
-6
-204
-20
405
293
-160
-277
-118
-27
65
107
4
-47
75
0
0
0
0
0
0
0
0
0
0
0
0
0
0
0
0
0
0
0
0
0
0
0
0
0
0
0
0
0
0
0
0								