207
7
3

4
1

1					
0
0
240
0
0
1
150
1
63
0
8192
2048
0
128
8192
2560
96
8192
1408
1
767
8192
2048
256
128
256
1000
280
8230
6000
0
512
768
150
16384
16384
32767
1
32
64
64
16800
4096
0
2549
14
0
8192
8192
2048
40
2048
1568
40
2048
1568
1
776
32
1024
800
32
1024
800
1
776
1
32767
8192
23062
-11398
-2622
4704
8698
8807
4494
835
481
209
6655
7358
-1669
4806
-598
-880
16
655
1024
16
1638
181
10
16384
10000
16000
5000
128
9830
16384
6554
6554
9830
512
12288
10240
400
230
26213
0
7
16384
256
4096
12055
32442
23170
4096
0
0
0
5
-72
-55
-54
-12
0
-72
-72
-54
-12
0
50
50
0
0
0
32
2539
619
-289
-496
-414
-259
-26
-106
43
31
128
69
165
86
146
91
116
58
86
41
52
20
31
9
14
2
6
0
1
0
0
0
0
0
0
0
0
0
0
0
0
0
0
0
0
0
0
0
0
0
0
0
0
0
0
0
0
0
0
0
0
0
0
0