207
7
3

2
1

1								
0
0
280
1
9
1
250
1
63
0
2048
8192
0
128
8192
768
96
6554
512
2
776
14000
12000
768
128
128
14000
512
5304						
8192						
768
512
768
150
16384
16384
1
26000
32
64
64
16612
4096
0
2549
14
0
8192
8192
2048
40
2048
1568
40
2048
1568
1
776
32
1024
800
32
1024
800
1
776
1
32767
8192
23062
-11398
-2622
4704
8698
8807
4494
835
481
209
6655
7358
-1669
4806
-598
-880
16
655
1024
16
1638
181
10
16384
10000
16000
5000
128
9830
16384
6554
6554
9830
512
12288
10240
400
230
26213
0
7
16384
256
4096
12055
32442
23170
4096
0
0
0
5
-72
-55
-54
-12
0
-72
-72
-54
-12
0
50
50
0
0
1
32
2792
1886
-770
75
303
-294
151
38
-89
107
-20
-21
70
-36
-30
37
-22
16
16
-41
6
8
-16
17
11
-9
7
2
-10
7
-3
-7
0
0
0
0
0
0
0
0
0
0
0
0
0
0
0
0
0
0
0
0
0
0
0
0
0
0
0
0
0
0
0
0
