342
7
2

2
1
6



1
0
1
-11
1
10362
0
0
0
0
100
0
0
26
1024
20000
23198
256
2048
512
12055
32604
32441
28000
1024
0
5
-72
-55
-45
-3
0
-72
-55
-45
-3
-3
50
400
0
-6
0
-90
0
100



1
0
1
-8
1
10362
0
0
0
0
100
0
0
26
1024
20000
23198
256
2048
512
12055
32604
32441
28000
1024
0
5
-72
-55
-45
-3
0
-72
-55
-45
-3
-3
50
400
0
-6
0
-90
0
100



1
0
1
-5
1
10362
0
0
0
0
300
0
0
26
1024
20000
23198
256
2048
512
12055
32604
32441
28000
1024
0
5
-72
-55
-45
-3
0
-72
-55
-45
-3
-3
50
400
0
-6
0
-90
0
100



1
0
1
-2
1
10362
0
0
0
0
300
0
0
26
1024
20000
23198
256
2048
512
12055
32604
32441
28000
1024
0
5
-72
-55
-45
-3
0
-72
-55
-45
-3
-3
50
400
0
-6
0
-90
0
100



1
0
1
1
1
10362
0
0
0
0
300
0
0
26
1024
20000
23198
256
2048
512
12055
32604
32441
28000
1024
0
5
-72
-55
-45
-3
0
-72
-55
-45
-3
-3
50
400
0
-6
0
-90
0
100



1
0
1
4
1
10362
0
0
0
0
375
0
0
26
1024
20000
23198
256
2048
512
12055
32604
32441
28000
1024
0
5
-72
-55
-45
-3
0
-72
-55
-45
-3
-3
50
400
0
-6
0
-90
0
100



0
32
783
1973
783
413
77
-89
-105
-67
-21
18
44
39
12
-14
-22
-17
-5
4
11
10
5
-2
-4
-5
-4
-2
1
3
-5
-1
4
3
0
0
0
0
0
0
0
0
0
0
0
0
0
0
0
0
0
0
0
0
0
0
0
0
0
0
0
0
0
0
0
0